A25.jpg 1 1181 1336 2763 3324 1 585 705 1619 3039 
C8.jpg 1 943 1160 2951 3408 
A31.jpg 1 81 1591 1873 3451 1 1779 0 3449 1414 
A19.jpg 1 2 1452 1854 2690 1 1646 1301 3456 2215 1 1994 49 3362 1207 1 2 667 1436 1623 1 591 2491 1903 3455 
DSC_6737.JPG 0 2548 1196 3688 3282 
DSC_6723.JPG 0 3239 1654 4943 2378 0 298 1 672 585 
162.jpg 0 1564 1447 2930 2231 0 1180 522 2006 1384 0 34 1016 1454 1812 0 1183 1804 1523 2270 0 838 350 1642 770 0 2467 892 2879 1274 0 2063 553 2451 839 0 2477 558 2897 770 
C27.jpg 1 1481 1832 2793 3454 1 1198 8 2558 1300 
C33.jpg 1 857 571 2991 3445 
z19.jpg 2 159 146 193 208 2 255 235 317 325 2 205 263 269 339 2 1 87 35 171 2 136 195 170 251 2 174 223 212 263 2 303 195 345 279 
z25.jpg 2 39 41 301 421 
B47.jpg 1 461 1025 1625 3351 
_MG_0660.JPG 0 2918 1890 4086 2830 0 1915 1566 2977 2094 
I11.jpg 1 693 201 2395 2797 
I39.jpg 1 329 708 1801 1816 1 1706 1229 2840 2797 
IMG_5217_new.JPG 2 27 96 315 262 
_MG_0661.JPG 0 2638 1378 3262 2542 
B46.jpg 1 88 622 2204 3418 
B52.jpg 1 411 487 3301 3455 
z24.jpg 2 289 43 369 193 2 205 85 295 205 2 68 63 218 225 2 1 1 215 85 
IMG_4409_new.JPG 0 117 35 277 215 0 1 33 123 235 0 232 115 332 249 
z30.jpg 2 313 107 407 213 2 40 177 180 253 2 309 221 381 271 2 294 263 378 307 2 215 124 321 214 2 406 160 514 270 
z18.jpg 2 162 112 322 178 2 101 2 191 144 2 1 145 133 235 2 248 174 334 262 2 124 188 206 282 2 1 5 105 127 
X3.jpg 1 857 394 2825 3390 
89.jpg 0 451 3 1501 927 0 1018 803 2448 2849 0 1602 602 2920 1840 
DSC_6722.JPG 0 3006 1841 3868 3189 0 1256 3 1526 657 
A1.jpg 1 1019 537 2465 2935 1 2054 1681 3344 3449 
A18.jpg 1 830 1005 1846 2901 1 1450 115 2214 749 1 667 387 1263 1121 1 1502 418 2868 1628 
76.jpg 0 565 672 2445 2776 
A30.jpg 1 690 1032 1766 2276 1 988 2139 2422 3121 
A24.jpg 1 157 2146 3221 3456 1 2323 939 3143 1839 1 1048 807 2048 1631 
C9.jpg 1 1129 1929 3109 3227 1 211 1174 1197 2816 
A32.jpg 1 650 1115 2300 3453 1 2109 918 3239 2412 
IMG_20210421_145127.jpg 0 1362 3322 4208 4786 
A26.jpg 1 230 1646 2514 3228 
A3.jpg 1 177 1374 3427 3228 
DSC_6720.JPG 0 3061 2111 4353 2709 0 2102 1779 2974 2589 0 2507 2594 3329 3608 0 2778 1455 3610 2525 
X18.jpg 1 525 307 2687 3455 
DSC_6734.JPG 0 2614 1300 3910 3004 
X24.jpg 1 946 1598 2132 3404 1 2103 1001 3455 2043 1 1827 281 3235 1355 1 1022 18 2218 1052 1 29 881 2045 1745 
161.jpg 0 1098 895 1980 1285 0 616 507 1154 1103 0 474 1188 1122 1518 0 713 1725 1307 2631 0 1414 1565 2164 2003 0 1780 1207 2518 1603 0 554 1463 1288 1749 
C30.jpg 1 175 1929 3455 3455 
C24.jpg 1 253 15 2545 3455 
C18.jpg 1 768 1794 3108 3456 1 1072 1066 3356 2304 1 411 429 1521 1951 
z26.jpg 2 150 13 302 237 2 11 2 183 216 
B50.jpg 1 1 733 2459 3455 
IMG_4370_new.JPG 0 107 61 293 165 
_MG_0663.JPG 0 2418 1270 3198 2690 0 2753 722 4169 1190 
IMG_5157_new.JPG 2 35 77 301 255 
IMG_5221_new.JPG 2 21 85 315 303 
I12.jpg 1 838 141 2634 2913 
IMG_4410_new.JPG 0 109 54 315 222 
_MG_0662.JPG 0 2494 914 3190 2262 
B51.jpg 1 250 1000 2856 3398 
z27.jpg 2 1 122 121 524 2 96 127 328 557 2 309 223 481 559 2 463 200 639 552 2 292 45 616 219 
C19.jpg 1 205 1121 3263 3169 
C25.jpg 1 337 1284 3277 2932 
z8.jpg 2 126 251 368 647 2 65 21 321 231 2 321 65 615 349 
C31.jpg 1 53 1108 2235 3186 
160.jpg 0 1289 32 1721 904 0 1663 185 2445 843 0 1222 480 1908 982 0 1734 765 2724 1141 0 1273 1799 1773 2309 0 1647 1565 2339 2069 0 1408 2247 1860 2609 0 736 877 1548 1195 0 710 2586 1176 3022 0 1232 2622 1600 3024 0 1534 2544 1918 3012 
DSC_6735.JPG 0 3222 1471 4076 2811 
148.jpg 0 1025 793 1527 1591 0 1507 1148 2383 1588 0 1290 1538 1966 1912 0 1560 1774 2166 2078 0 704 1428 1394 1788 
IMG_5252_new.JPG 0 24 98 332 238 
A6.jpg 1 757 87 2657 2641 
170.jpg 2 1271 1504 1775 2106 2 1209 1863 1819 2443 2 1686 2102 2158 2782 2 1907 2344 2309 2800 
X21.jpg 1 1094 205 2770 3455 
DSC_6719.JPG 0 2878 1493 3834 2677 
DSC_6725.JPG 0 2873 1707 4059 3853 
158.jpg 0 939 1595 1551 2823 0 681 592 1197 1764 0 1555 1487 2185 2173 0 1870 1122 2386 1814 0 1701 532 2159 1206 
C21.jpg 1 857 208 3311 3186 
z23.jpg 2 214 56 272 156 2 298 36 382 140 2 160 173 276 233 2 267 120 365 208 
B69.jpg 1 874 347 3446 2045 
B41.jpg 1 1 1063 2839 3455 1 957 322 2339 1668 
B55.jpg 1 709 669 2783 3439 
IMG_5156_new.JPG 2 67 97 273 215 2 1 205 89 309 
IMG_20210421_145056.jpg 0 651 552 1979 3074 0 1227 1503 3057 4521 
I16.jpg 1 568 583 2380 2943 
IMG_5220_new.JPG 2 41 54 303 262 
IMG_20210421_145731.jpg 2 2021 1722 3121 2380 2 1257 1469 2009 2109 2 1433 2028 2257 2726 2 2191 2769 3291 3445 2 1611 3346 2385 4074 2 2480 3704 3338 4562 2 1839 3893 2467 4861 
B54.jpg 1 59 1285 2611 3243 
B68.jpg 1 751 163 3455 2073 
0725).jpg 0 574 175 670 399 0 453 192 597 388 
C20.jpg 1 602 85 2642 3455 
IMG_5179_new.JPG 0 72 110 332 280 
C34.jpg 1 1043 216 2597 3290 
DSC_6730.JPG 0 2489 1354 4409 2578 0 1 1390 359 2282 
159.jpg 0 1765 1265 2579 1855 0 1790 1875 2242 2497 0 1016 1519 1812 1943 0 974 1113 1442 1543 0 1252 1262 1890 1640 0 425 1632 1069 2212 0 352 1392 942 2046 0 403 1210 1015 1646 0 1025 1947 1579 2365 
DSC_6724.JPG 0 2868 1787 3946 2411 
165.jpg 0 940 1298 1866 2500 0 1677 454 2459 1752 0 1247 764 1709 1546 0 274 860 812 1594 0 926 207 1606 775 
X20.jpg 1 164 918 2320 2580 1 1498 768 3104 2000 
A22.jpg 1 253 1374 1725 2184 1 1489 1756 3455 2890 1 1 2287 1145 3455 1 1199 2773 2463 3455 
A36.jpg 1 240 1056 2042 3212 1 2133 522 3455 2100 
A7.jpg 1 1033 842 2373 3086 1 615 136 3097 1028 
8.jpg 0 257 110 351 196 0 283 215 381 287 0 212 242 284 302 0 156 172 238 244 0 167 258 253 324 0 148 120 220 180 0 212 242 284 306 0 227 29 291 137 
IMG_20210421_145109.jpg 0 910 1916 2478 4774 0 3003 1992 4325 5216 
A5.jpg 1 629 819 2143 3421 
IMG_20210421_145121.jpg 0 1116 2899 2162 5315 0 2046 2151 3244 4133 0 1874 369 4286 1833 
A20.jpg 1 826 836 2170 3004 
A34.jpg 1 690 987 2594 2859 1 1705 1681 3439 3117 
X22.jpg 1 795 350 3025 3428 
DSC_6726.JPG 0 949 2739 2367 4875 
X7.jpg 1 260 860 3408 2462 
C22.jpg 1 1140 17 3282 3455 
C36.jpg 1 860 987 2618 3455 
IMG_20210421_144613.jpg 0 1498 1958 2738 3756 0 2857 1334 3891 2450 0 2420 3421 4126 4333 0 239 4151 1733 5367 0 1963 4557 3109 5697 0 2621 4316 3903 4956 0 2104 1039 2838 1715 0 3563 2412 4343 3174 0 3016 2428 3578 3068 
IMG_20210421_144607.jpg 0 1664 1888 2206 2454 0 772 1788 1678 2480 0 598 2277 1282 2809 0 1071 2653 1689 3131 0 804 3247 1228 3861 0 1486 3147 2092 3591 0 2164 2888 2690 3598 0 1645 2595 2247 3261 0 2000 2414 2552 2834 0 2520 3483 3426 3949 0 1901 3536 2463 4198 0 1375 3598 1943 4346 0 986 3814 1360 4420 0 2289 1658 3103 2134 0 2279 1368 2859 1828 0 1823 1428 2247 1724 0 2515 2918 2967 3226 0 1779 1058 2381 1450 0 3723 2081 4291 2973 
B56.jpg 1 725 784 2453 3364 1 2177 1155 3455 3391 
B42.jpg 1 60 1160 3456 3194 
_MG_0659.JPG 0 1807 1874 2809 2378 0 1947 2330 2817 2902 0 2794 1134 4096 1926 
I15.jpg 1 503 117 2337 2681 
I29.jpg 1 511 520 2773 2118 
IMG_5206_new.JPG 2 42 93 290 255 
DSC_6690.JPG 0 2613 1722 4093 2614 
B249.jpg 1 0 995 2370 3455 
238.jpg 2 815 1671 3001 3455 
B43.jpg 1 88 150 2580 3454 
B57.jpg 1 633 1218 2397 3454 1 2191 563 3455 1943 1 2446 1843 3454 3455 
z21.jpg 2 169 113 225 177 2 206 116 278 158 2 233 65 287 137 2 137 142 207 184 2 152 191 232 251 
C23.jpg 1 334 543 2518 3455 
X6.jpg 1 629 1143 3225 2839 
DSC_6727.JPG 0 2068 1445 3980 2607 
DSC_6733.JPG 0 2918 1883 4226 2887 
X23.jpg 1 626 587 2966 3173 
166.jpg 0 1549 1459 2501 2185 0 422 1472 1436 2270 0 847 559 1603 1397 
A35.jpg 1 137 1250 2373 3214 1 1216 50 2608 2042 
A21.jpg 1 850 1621 2042 2135 1 1206 1956 3208 3032 1 184 2163 1414 3441 
A4.jpg 1 350 915 2604 2745 
14.jpg 0 122 159 172 203 0 131 237 205 273 0 112 230 132 266 0 63 236 111 278 0 110 286 138 332 0 132 303 200 361 0 109 109 151 131 
I8.jpg 1 1580 1295 2964 2551 1 1433 95 2549 1295 1 1 1064 1617 2018 
IMG_0711.JPG 0 1742 510 4302 2894 0 26 2363 2206 3967 
DSC_6740.JPG 0 3253 1086 4147 2986 
IMG_0705.JPG 0 2818 2218 4346 2758 1 2749 598 3553 2226 1 1241 46 2013 1798 1 1693 1226 2353 2562 1 1467 2590 2133 3634 1 2115 2674 3177 3914 1 2986 2702 3448 4000 1 2091 2038 2553 2594 1 823 1870 1717 3062 1 390 1042 1266 2038 
DSC_6768.JPG 0 2752 770 3572 1864 
IMG_0739.JPG 2 2211 840 3249 2154 2 3145 2154 4567 3368 2 2164 2235 3296 3921 
115.jpg 0 583 825 1409 1739 0 140 1503 1136 2049 0 1258 1507 2542 2237 0 2058 1951 2686 3021 0 1725 871 2373 1617 
IMG_5232_new.JPG 2 69 114 307 264 2 1 206 105 332 
IMG_20210421_144729.jpg 0 2151 1893 2997 3433 0 2461 2974 4085 3756 0 574 2562 2220 3680 0 2093 3628 2991 4826 0 5 3687 1633 4627 0 1874 946 2538 2044 0 2781 4351 3273 5075 0 3304 3841 4150 4533 0 2686 5181 3544 5791 
z85.jpg 2 41 52 361 234 
IMG_4363_new.JPG 0 29 21 273 213 
z52.jpg 2 120 245 366 429 2 27 427 349 561 
z46.jpg 2 174 230 306 452 2 113 279 211 455 2 43 298 161 444 2 498 517 590 621 2 378 565 516 655 
IMG_5126_new.JPG 0 54 96 304 254 
IMG_5250_new.JPG 2 108 42 222 162 2 50 139 206 265 2 181 160 295 268 
IMG_0665.JPG 0 2590 806 3532 1742 0 2273 1733 3141 3285 1 3118 2594 4396 3090 1 1258 3010 2242 3730 1 1066 942 1666 1702 1 1150 1650 1738 2310 1 66 1014 810 1522 
IMG_0671.JPG 0 2826 2154 3582 2546 0 2814 1833 3174 2385 0 2477 1597 2973 2361 1 4222 846 4646 1542 1 4594 534 5224 986 1 1027 634 1525 1634 1 1730 1446 2370 1990 1 3742 390 4570 746 1 4222 870 4720 1462 1 2490 2450 3030 3058 1 1825 2214 2773 2550 1 1561 662 2029 1170 1 1446 350 2058 762 
IMG_0670.JPG 0 2677 1018 4117 1658 0 2210 1734 3030 2968 1 2909 1605 4461 2413 1 2218 86 2824 1602 1 1047 166 1785 910 1 850 1006 1396 1774 1 2866 2926 4852 3338 1 2122 2930 2656 3822 1 570 2190 1230 3226 1 1227 2614 1749 3582 1 1758 2270 2214 3386 
IMG_0664.JPG 0 2314 1214 3094 2454 0 2610 681 3954 1253 1 3031 1774 4069 2338 1 2974 2370 4276 2962 1 2186 2218 2970 2930 1 2537 50 3813 838 1 2859 974 4257 1810 1 1503 3250 2373 3710 1 1230 2782 1602 3474 1 1678 1486 2194 2386 1 2234 562 2814 1262 1 2449 3106 3169 3922 
IMG_5365_new.JPG 0 166 1 266 159 0 58 110 184 190 0 93 174 207 332 0 171 200 267 318 
z47.jpg 2 226 663 326 767 2 317 564 397 658 2 309 661 483 837 2 211 766 293 852 2 277 765 363 847 2 416 719 528 797 2 405 820 633 942 2 306 869 434 1017 
z53.jpg 2 280 534 446 730 2 440 575 640 759 2 334 764 534 906 2 179 727 393 903 2 122 512 282 684 2 1 694 207 796 2 68 512 164 670 
z84.jpg 2 258 200 328 308 2 215 289 301 379 2 298 336 362 414 2 348 397 434 541 2 412 358 518 496 2 512 307 586 425 
IMG_0738.JPG 2 2602 1473 3306 2301 2 1711 1911 2739 2449 2 2974 2173 3682 2587 2 3039 1492 3763 2258 2 2225 1387 2925 1921 2 3730 2540 4210 3006 2 2135 2887 2625 3253 2 92 544 1026 982 
114.jpg 0 1 1401 1415 2151 0 1337 1519 2079 2077 0 916 19 1702 1397 0 1807 1459 3003 2391 
DSC_6769.JPG 0 2643 920 3667 1594 
IMG_0704.JPG 1 2677 222 3421 1654 0 2845 1666 4093 2050 1 2009 1986 3009 2978 1 1766 622 2358 1838 1 1467 1734 2157 2510 1 2427 2870 3153 3470 1 3107 3118 4845 4000 1 1409 10 2085 1300 1 999 1346 1677 2022 1 697 566 1429 1514 1 1450 1698 2170 2398 
DSC_6741.JPG 0 4348 175 6016 985 0 2473 1841 3913 3483 
128.jpg 0 202 947 1176 2091 0 1110 1001 2200 2155 0 2058 862 2882 1632 0 1070 1753 1866 2491 0 1810 1201 2530 1877 
I9.jpg 1 290 753 2764 2257 1 1423 77 2975 1185 
1621413715770.jpg 0 3041 2683 4165 4033 0 4166 2534 5040 2870 
IMG_0710.JPG 1 1003 762 2185 1154 1 1630 1046 2246 1830 1 1446 1730 2130 2234 1 1678 2414 2342 3402 1 2170 1518 2518 2326 1 3226 2074 4334 2506 1 2779 2370 3265 3098 1 2095 2798 2737 3358 1 3519 2714 4521 3290 0 2494 2030 3136 2358 0 3115 1594 3493 1966 1 3354 958 4098 1906 1 4090 990 4918 1946 1 4922 2034 5526 2882 1 2710 1522 3190 1982 1 2458 890 2776 1558 
DSC_6755.JPG 0 3255 1220 4051 2528 
1621413715799.jpg 0 950 1362 1822 2286 0 1186 2010 1650 2918 
DSC_6757.JPG 0 2918 1330 3780 2682 
116.jpg 0 1640 535 2628 1427 0 562 892 1542 1470 0 737 1447 1353 2455 0 1592 1174 2288 1794 0 117 92 1539 752 0 1425 1571 2539 2561 
z86.jpg 2 104 162 176 236 2 166 159 272 241 2 27 205 141 279 2 2 270 112 348 2 83 277 179 389 2 134 243 238 347 2 142 42 216 162 
IMG_20210421_144716.jpg 0 1751 458 2779 2274 0 2173 1964 4009 2880 0 116 2222 2144 3392 0 2120 2829 3332 3797 0 2839 1269 3897 2009 
z79.jpg 2 302 423 620 597 2 204 161 352 433 2 149 303 315 507 2 0 494 272 718 
z45.jpg 2 313 66 493 234 2 119 79 213 227 2 160 67 288 233 2 330 27 468 167 
z51.jpg 2 275 173 413 317 2 83 210 285 392 2 302 296 448 416 
IMG_20210421_145232.jpg 0 1263 1320 3087 4852 
248.jpg 2 5 525 2397 3455 2 1157 660 3101 2766 
IMG_5343_new.JPG 2 34 51 330 245 
IMG_0699.JPG 0 2751 1738 3177 2386 1 2326 1170 3182 1810 1 3341 1750 4125 2490 1 2863 158 3361 1226 1 3298 810 4478 1334 1 4614 1830 5190 2706 
I58.jpg 1 56 714 2666 2316 
IMG_0672.JPG 0 3274 1902 4408 2506 0 2897 801 3417 2021 0 3302 1498 3918 2110 1 1714 1642 3182 2058 1 2803 2006 3493 2722 1 3209 3050 3801 3946 1 5050 278 5666 838 1 3322 526 4010 1422 
IMG_0667.JPG 0 1879 930 2473 2082 0 2146 2130 3250 3126 1 3254 1678 4062 2510 1 938 1474 2094 1902 1 2314 1214 3026 1922 1 1111 1757 2149 2261 1 979 2254 1753 2738 1 1409 2786 2181 3134 1 4654 2070 5200 2618 
I59.jpg 1 387 56 2491 2882 
IMG_0698.JPG 0 2086 1582 3916 2586 1 2323 1286 4513 1858 1 2742 518 5334 1022 1 1407 402 2421 1778 
249.jpg 2 2 698 2658 3434 
z50.jpg 2 321 278 381 390 2 354 256 452 332 2 208 193 284 239 2 224 274 284 360 
z44.jpg 2 246 443 420 745 2 164 513 272 737 2 237 699 463 903 2 12 740 280 896 2 393 732 635 874 2 405 472 567 612 
IMG_4355_new.JPG 0 97 65 305 201 
z78.jpg 2 285 416 409 648 2 102 437 274 627 2 49 337 231 447 
IMG_5172_new.JPG 0 57 3 321 187 0 52 159 302 305 
IMG_20210421_145409.jpg 0 1713 1364 3155 3626 
IMG_5214_new.JPG 2 21 68 333 246 2 0 2 202 146 
117.jpg 0 1283 86 1911 1124 0 1655 812 2883 1376 0 674 765 1412 1215 0 594 1150 1248 1958 0 404 1974 1036 2840 0 1349 1848 1977 2582 0 1086 1741 1582 2449 
IMG_0713.JPG 0 3046 1602 3850 2146 0 1762 1742 2932 2346 1 4006 38 4930 2162 1 3402 2270 4110 3642 1 1537 154 2341 1634 1 4450 3086 5998 3982 
DSC_6756.JPG 0 2747 1724 3609 2924 
A44.jpg 1 181 901 2197 2797 
A40.jpg 1 91 1836 2671 3452 1 1 198 1833 1952 
113.jpg 0 758 356 1430 1228 0 1325 968 2367 1582 0 704 1335 1488 2937 0 1946 641 2828 2337 
IMG_0703.JPG 1 1515 1898 2793 2798 1 2566 814 3736 2306 0 2683 2242 4033 2930 1 3042 1970 5022 2610 1 358 14 1954 806 1 1255 1070 2317 2230 1 773 2230 1821 3022 1 977 3038 2253 4000 
IMG_0717.JPG 0 2545 1659 3453 2711 0 2416 1425 3282 2097 1 3454 1392 4454 2506 1 3445 2482 4435 3002 1 1455 2159 2529 2543 1 1801 2659 3049 3387 1 5159 1192 5721 2286 1 4392 1882 5006 2920 1 3669 3140 4311 3562 1 2311 3277 3271 3805 1 3115 3392 3691 3944 
z83.jpg 2 263 184 403 384 2 45 29 229 337 2 6 212 214 390 2 45 392 243 522 2 253 423 431 621 2 418 418 552 556 2 430 275 586 407 2 414 67 628 267 2 655 546 899 738 2 474 548 616 718 2 591 588 669 702 2 575 461 709 553 
z40.jpg 2 373 281 615 433 2 247 202 413 312 2 159 296 369 460 2 326 135 510 279 2 132 20 340 154 2 344 41 532 201 
IMG_5248_new.JPG 2 131 160 225 234 2 181 75 257 179 2 23 79 167 155 2 195 188 271 280 2 56 176 152 238 
z54.jpg 2 117 379 329 645 2 289 544 639 724 2 1 573 317 773 2 272 705 580 961 2 265 384 511 554 
z68.jpg 2 230 290 368 470 2 310 270 460 404 2 316 394 402 510 2 163 489 301 559 
1621945418(1).jpg 0 553 133 821 511 
IMG_0688.JPG 0 2974 1210 4012 2514 1 2005 1138 2797 2522 1 594 678 1794 1974 1 295 1674 1297 2474 1 1154 2630 2214 3402 1 2158 2718 3088 3466 1 3523 2214 4525 2798 
IMG_0677.JPG 0 2538 725 3546 2529 1 861 1542 2569 2594 1 3038 1126 4458 2370 1 2727 2526 3513 3474 1 3283 2566 3961 3166 1 4525 1914 5941 2854 
I49.jpg 1 114 804 2570 2138 
I48.jpg 1 741 111 2413 2815 
IMG_5267_new.JPG 0 53 76 295 228 0 78 20 274 126 
I60.jpg 1 893 469 2483 2803 
IMG_0689.JPG 0 3098 1006 3702 1634 0 1886 2306 2540 2792 1 1995 1506 2625 2022 1 2582 1654 2982 2170 1 2319 550 2733 1310 1 2597 874 2997 1418 1 2659 1306 3089 1706 1 1447 1689 1957 2377 1 882 2246 1770 2702 1 1313 2890 2069 3206 1 2614 2662 3292 3106 0 3698 2266 4014 2694 1 3893 2582 4665 2906 1 3257 2198 3645 2590 1 3409 3174 4033 3534 1 2902 3306 3590 3942 1 3086 1762 3642 2102 
B37.jpg 1 218 225 2642 3455 
z69.jpg 2 17 95 203 399 2 214 105 386 387 
z55.jpg 2 1 407 275 547 2 247 155 451 411 2 333 427 599 587 2 61 543 307 683 2 271 545 523 821 2 127 656 285 832 2 224 749 224 749 
z41.jpg 2 289 92 427 244 2 221 17 319 211 2 89 12 283 200 2 25 163 301 273 2 174 263 338 393 2 299 323 455 451 2 470 287 624 373 2 436 72 558 294 2 292 266 448 334 
z82.jpg 2 32 51 172 313 
IMG_0716.JPG 0 2801 1549 3453 2225 0 2478 1073 3082 2083 1 3364 1278 4234 2158 1 1654 1663 2740 2097 1 3439 2063 4429 2497 1 4097 644 4615 1444 1 2712 782 3558 1282 1 4626 1159 5372 1639 1 3316 2697 3754 3401 1 1735 1668 2715 2110 1 1797 663 2149 1091 1 4697 1668 5691 2058 1 2645 2511 3395 3021 1 2369 2235 3115 2763 1 1388 1097 1740 1729 1 4417 1668 4939 2234 
DSC_6753.JPG 0 3323 991 4163 2361 
IMG_0702.JPG 1 2765 1194 3513 1986 0 2775 2066 3801 2650 1 2129 1878 2841 2490 1 1678 2542 2402 3278 1 2410 3282 3566 3838 1 778 370 1622 1762 1 1366 342 2522 1166 1 3874 106 5788 1322 1 1469 1798 2145 2458 1 1181 3422 2201 3926 
DSC_6747.JPG 0 3102 1191 3976 2539 
IMG_4469_new.JPG 0 86 55 318 187 0 134 0 212 62 
112.jpg 0 522 822 1574 1470 0 761 1860 1585 2806 0 1216 10 2018 706 
A41.jpg 1 404 1930 2870 3014 1 2 722 1114 1638 
IMG_5205_new.JPG 2 40 90 272 264 
39.jpg 0 188 7 316 187 0 153 177 287 289 0 201 280 339 394 
IMG_5223_new.JPG 2 7 82 303 276 
11.jpg 0 292 238 392 334 
IMG_0728.JPG 2 2569 2082 3687 2864 2 3340 2230 3920 3444 2 4045 1705 5529 2305 2 4397 2387 4977 3311 2 3683 1197 4539 2105 2 3764 859 4572 1511 
IMG_5155_new.JPG 2 53 84 321 234 2 2 171 92 293 
110.jpg 0 952 989 1952 2879 
DSC_6751.JPG 0 2939 1287 3659 2215 
IMG_4372_new.JPG 0 99 50 281 194 
IMG_0714.JPG 1 3402 894 4722 1958 0 1774 526 2750 2042 0 2755 1278 3445 2118 1 3422 2746 4272 3762 1 2118 2318 2574 2970 1 3519 2022 4941 2598 1 538 1514 2062 2150 
138.jpg 0 1577 1565 2427 2883 0 104 753 1486 1549 0 1714 765 2842 1471 
IMG_4362_new.JPG 0 62 54 256 244 
DSC_6745.JPG 0 2485 1557 3409 3199 
IMG_0700.JPG 0 2114 1730 3162 2630 1 3127 1170 4381 1950 1 1475 930 3165 1750 1 2794 2286 3610 3378 1 1330 2174 2212 2830 1 3535 2078 4681 3090 
z80.jpg 2 296 623 588 765 2 5 512 241 686 2 1 638 229 818 2 102 754 290 1008 2 312 500 610 632 
z43.jpg 2 146 401 472 751 2 182 176 444 364 2 462 274 640 488 
B35.jpg 1 19 601 3101 3455 
IMG_20210421_144658.jpg 0 2375 1787 3197 2587 0 1568 2804 3486 4262 0 232 434 1544 2974 0 1 3410 815 4486 0 1433 1734 2379 2538 0 2162 1321 3632 2721 0 2616 2804 3550 3534 
IMG_5251_new.JPG 2 104 55 216 181 2 19 154 197 272 2 176 163 286 277 
IMG_0674.JPG 0 2654 1033 3332 2257 1 1285 1642 2617 2174 1 3334 462 3910 1314 1 3730 1762 4474 2354 1 1707 498 2517 1258 1 875 506 1737 1234 
IMG_0675.JPG 0 3103 1561 3533 2221 1 2482 2026 3254 2306 1 2990 2270 3414 2754 1 3498 1818 3918 2090 1 3302 1106 3668 1634 1 3795 786 4281 1238 1 2830 882 3316 1110 1 2806 654 3086 1074 1 2206 838 2818 1270 
z42.jpg 1 155 225 419 573 1 466 486 630 632 
z56.jpg 2 182 161 348 409 2 288 380 478 564 2 152 436 306 668 2 1 343 253 529 2 345 152 525 254 2 373 264 503 412 
C40.jpg 1 129 405 2659 3311 
z81.jpg 2 283 306 709 522 2 645 27 859 435 2 1048 481 1328 939 2 861 562 1125 960 2 733 873 1189 991 2 1 360 205 604 2 152 347 282 571 2 522 6 812 334 
IMG_0701.JPG 0 2413 1862 4177 2806 1 2297 146 3609 1794 1 1338 1606 2490 2930 1 3010 1426 4958 2234 1 363 2942 1977 4000 
IMG_0715.JPG 0 2446 1026 3194 2342 0 3165 2154 3805 2714 1 3737 1834 4989 2582 1 3737 2602 5001 3290 1 1378 1902 2618 2474 1 2854 2418 3406 3410 1 3271 1562 3769 2122 1 2502 2674 2970 3454 1 3877 18 4393 862 1 4902 926 5550 1634 1 4342 946 5122 1378 1 3478 918 4288 1382 1 3230 414 3858 886 1 4954 1950 5458 2738 
IMG_4386_new.JPG 0 110 3 250 183 0 216 1 332 65 
DSC_6750.JPG 0 2810 1458 3638 2424 0 2828 471 3480 1003 
139.jpg 0 28 756 1390 1570 0 1601 1007 2721 1665 0 1383 1695 2187 2997 
111.jpg 0 1726 267 2748 1409 0 95 317 939 1285 0 743 1213 1941 2539 0 1864 1410 2412 2376 
IMG_0729.JPG 2 3711 1621 4107 2335 2 3245 1373 3891 2111 2 1635 1806 2415 2306 2 955 2487 1687 3029 2 1950 2702 2472 3206 2 2550 2068 3244 2596 2 3869 1892 4539 2296 
10.jpg 0 71 122 469 304 
A42.jpg 1 287 891 2077 3455 1 777 83 3025 2083 
38.jpg 0 270 6 362 114 0 246 153 320 241 0 135 163 185 259 0 155 1 227 97 0 29 27 141 119 0 5 110 129 172 0 72 136 142 178 0 84 193 144 269 
1621413715793.jpg 0 1431 1520 2495 1898 0 934 1044 1516 1686 
IMG_0730.JPG 2 3820 2835 4510 3621 2 4254 1925 4882 2763 2 2764 673 3272 1339 2 3246 1150 3516 1782 2 2302 1244 2934 1682 2 1835 1569 2277 2097 2 2278 2649 2740 3181 2 4002 68 4720 834 2 3211 263 3963 963 2 3311 2321 4077 2843 2 3887 1840 4425 2668 2 3035 2830 3763 3320 
IMG_0724.JPG 0 2302 1230 3068 2562 0 2978 1378 3606 2568 1 1164 2006 2664 2716 1 3226 535 3782 1501 1 4325 883 5535 1373 
120.jpg 0 1377 428 2633 1358 0 1595 1377 2887 2365 0 1 1169 1233 2031 0 915 1589 1727 2731 
DSC_6749.JPG 0 2693 1536 3493 2678 
IMG_0718.JPG 0 2611 1230 3559 2634 1 3454 1550 4240 2506 1 4165 1654 5491 2672 1 1551 2554 3039 3072 1 3401 2654 4587 3796 1 4126 2587 5548 3153 1 4654 430 5302 1262 1 2145 1092 2649 1958 1 3150 659 3820 1273 1 3797 597 4749 1015 1 1601 1387 2163 2281 
134.jpg 2 1277 1413 2131 1993 2 806 646 1588 1118 2 1546 780 2088 1402 2 2195 1182 2809 1820 2 1477 2122 2191 2782 2 950 1860 1616 2364 2 729 2207 1683 2851 2 1544 86 2400 782 2 2329 1913 3011 2537 
I1.jpg 1 580 471 2306 2655 
IMG_20210421_144708.jpg 0 2150 2640 3456 3362 0 545 2510 1879 3292 0 1416 3398 2232 4756 0 2068 2146 2690 2946 0 3516 2263 4338 3339 0 3050 3351 3744 4173 
IMG_5209_new.JPG 2 12 67 302 281 
IMG_4358_new.JPG 0 82 59 288 227 
z73.jpg 2 45 101 137 193 2 130 91 198 159 2 131 148 219 212 2 173 246 253 306 2 19 257 123 339 2 124 310 212 360 
IMG_4348_new.JPG 0 33 58 275 202 
z67.jpg 2 8 30 540 676 
B39.jpg 1 15 798 3435 3214 
256.jpg 0 168 1077 2546 3455 0 1861 166 3455 1148 
242.jpg 0 1043 995 2957 2869 0 329 2523 1803 3455 0 65 1774 1065 2840 0 1 931 799 2411 
I52.jpg 1 765 129 2345 2797 
IMG_20210421_145947.jpg 2 1457 1347 2285 2597 2 398 1598 1556 2656 2 204 2663 1432 3527 2 1310 2676 2266 3486 2 1491 4193 3009 5279 2 2574 3551 3684 4609 2 3109 4211 4343 5203 2 2927 1899 3627 2481 2 2292 1386 3166 1950 2 1939 1050 2643 1550 2 1416 1022 2232 1556 2 1345 1382 1951 1756 2 3833 1057 4343 1897 2 3745 2040 4343 2834 2 2486 2693 3180 3291 
I46.jpg 1 65 641 2827 2195 
IMG_0679.JPG 0 2258 1270 3582 3002 1 3462 1610 4938 2590 1 1066 482 2878 1362 1 602 2454 3078 3590 1 3247 2858 4621 4000 1 771 1218 1953 2606 
IMG_0692.JPG 0 3277 910 4033 1830 0 1969 3270 3277 3786 1 2722 1982 3442 2790 1 2642 1014 3114 1786 1 1443 474 2265 1386 1 2007 1478 2637 2186 1 1286 1262 2058 1822 1 1426 2970 2116 3606 1 10 158 1042 754 
243.jpg 0 650 1477 3122 3301 0 568 427 1882 1557 
1_20001.jpg 0 14 21 216 167 
B38.jpg 1 149 285 2521 3455 
IMG_20210421_144641.jpg 0 746 2840 1592 3874 0 2450 3410 3232 4198 0 2227 4362 2937 5362 0 3180 4004 4210 4686 0 3051 4523 4091 5609 0 1967 2606 2567 3198 0 2545 2428 3215 2934 0 2757 1651 3433 2515 0 3086 2240 4056 2674 0 2174 1846 2838 2280 0 1921 1151 2579 1945 0 1510 1181 2138 1751 0 1639 757 2385 1297 0 2163 869 2909 1427 0 1545 1963 1967 2503 0 1910 3557 2556 4069 0 858 3998 1420 4892 0 1427 4033 2067 4945 0 2398 340 2896 974 
z66.jpg 2 173 237 289 371 2 495 234 617 388 2 380 189 450 301 2 246 177 344 275 
z72.jpg 2 62 212 138 318 2 139 210 205 330 
IMG_20210421_144721.jpg 0 1380 1615 2244 2915 0 1992 2885 2796 3415 0 1386 3093 2156 3709 0 892 3216 1814 3968 0 2028 3551 3162 4351 
IMG_5395_new.JPG 0 30 98 294 240 
IMG_0719.JPG 0 2369 1725 3891 2339 1 2169 782 2835 1806 1 830 692 2250 2048 1 1878 2102 2472 3662 1 3588 2711 4234 3997 1 597 1940 1197 2378 1 59 1954 701 2720 1 235 573 591 1725 1 7 859 377 1967 
1621413715779.jpg 0 1512 2312 2678 3628 0 1822 3445 4078 4869 
121.jpg 0 834 928 1546 1712 0 1622 1300 2582 1900 0 1058 1725 1552 2431 0 1242 1586 1918 2118 0 328 1341 1082 1845 
DSC_6748.JPG 0 3160 1220 3834 2324 
109.jpg 0 1495 943 2345 1603 0 1352 1672 1868 2640 0 1108 1059 1630 1687 0 967 54 1473 952 
IMG_0731.JPG 2 3030 1440 4120 2348 2 1945 1644 2977 2492 2 2664 2359 3634 3177 
IMG_5262_new.JPG 2 18 82 296 284 
IMG_0733.JPG 2 3730 1754 4496 2416 2 4469 2163 5163 2763 2 3101 1845 3597 2339 2 2554 2059 3328 2439 2 2835 2421 3463 3181 
IMG_5272_new.JPG 2 142 124 190 182 2 191 152 283 206 2 189 49 313 165 2 102 72 188 158 2 69 155 191 305 2 191 182 303 286 2 20 136 168 226 2 16 81 138 159 2 110 15 206 115 2 20 210 104 288 
I2.jpg 1 464 841 2828 2213 
123.jpg 0 622 1102 1104 1788 0 852 1771 1488 2447 0 2318 538 2860 1398 0 1507 1274 2621 1646 0 1449 2068 2379 2500 0 779 374 1369 960 0 1 1305 463 1709 0 1725 1732 2469 2306 0 260 2096 1248 2506 
z58.jpg 2 197 137 307 241 2 333 159 429 235 2 429 74 511 202 2 450 194 530 266 2 212 248 300 374 2 322 210 406 328 2 436 233 540 357 2 302 1 394 107 2 249 48 335 152 2 360 13 464 103 2 454 21 568 135 2 505 167 639 255 
z64.jpg 2 97 120 319 542 2 320 219 492 581 2 477 230 639 568 2 267 55 609 199 2 1 124 107 528 
z70.jpg 2 72 88 204 308 
255.jpg 2 433 36 2297 2842 
IMG_0690.JPG 0 2642 2706 3884 3230 0 3286 225 3844 1225 1 2881 1410 3877 1942 1 2809 446 3277 1242 1 2203 602 3097 1014 1 1270 134 2164 1022 1 1322 930 1986 1598 1 2074 1142 2824 1566 1 2381 2302 2877 2946 1 1759 2430 2449 3286 1 3723 3110 4617 3474 1 2007 3450 2661 3922 1 1014 850 1458 1390 1 510 930 1146 1486 
IMG_0684.JPG 0 3463 2198 4213 3186 1 3298 1446 3890 1902 1 2250 1762 3426 2294 1 2225 2210 3309 2978 1 3065 2426 3477 3358 1 3802 1782 4634 2174 1 3778 1158 4478 1626 1 2974 782 3808 1466 1 1838 1114 2838 1578 1 2594 822 3270 1454 1 1918 1578 2858 2230 1 4781 1422 5301 2054 1 4134 2078 4734 2622 
IMG_5210_new.JPG 2 47 92 333 316 
IMG_5166_new.JPG 2 7 82 299 276 
IMG_4351_new.JPG 0 71 72 285 196 0 22 1 90 91 
IMG_20210421_145950.jpg 2 645 1575 1779 2797 2 1545 1498 2827 2968 2 127 2993 1667 4521 2 1739 2810 3045 3656 2 2117 3410 3509 5180 2 886 4040 2326 5126 2 2663 1340 3645 2280 2 3374 2286 4032 3456 2 3415 746 4343 2262 2 2445 622 3473 1298 2 1316 121 2520 825 2 3063 3593 4343 4915 
I51.jpg 1 226 777 2974 2519 
IMG_0691.JPG 0 2542 917 3442 2357 1 1825 1050 2485 2402 1 979 1318 2233 2086 1 1807 2778 3253 3598 1 742 2258 1720 2966 1 1294 2998 1958 3754 
240.jpg 2 1 384 2743 3456 
IMG_20210421_144656.jpg 0 1803 1540 2679 2956 0 1703 3116 2797 4028 0 1 2786 1781 3644 0 933 1828 1967 2674 0 816 757 1690 1539 0 274 146 1032 810 0 2416 2551 3538 3327 0 1427 3368 2173 4592 0 3351 4187 4315 4997 0 1920 17 3144 1121 0 1108 1 1744 639 0 16 2005 774 2751 0 227 1105 903 2021 
z65.jpg 2 159 15 375 255 2 401 269 551 389 2 144 346 352 564 
z59.jpg 2 246 324 392 460 2 215 151 373 321 2 249 4 397 154 2 125 345 237 511 2 260 414 398 604 
136.jpg 0 1025 1171 1795 2543 0 723 713 1309 1203 0 883 259 1357 849 0 1440 113 1828 597 
IMG_0732.JPG 2 3302 1749 4010 2063 2 2578 1468 3178 1882 2 2631 1778 3177 2130 2 3154 1035 3410 1601 2 1673 1897 2315 2315 2 2445 3087 3091 3949 2 4473 3154 4925 3830 2 4807 3397 5229 3915 2 4230 2754 4734 3130 2 4816 2487 5172 2981 2 5031 2578 5463 3006 
IMG_0726.JPG 2 1802 2316 2592 3268 2 2078 1049 2534 1935 2 850 2282 1568 2862 2 3263 1221 3939 2005 
1621413715785.jpg 0 3046 2545 4178 3811 0 2922 3187 4920 4937 
37.jpg 0 104 156 288 270 0 216 50 328 208 0 316 100 464 234 0 358 206 466 304 0 206 277 324 349 
I7.jpg 1 78 938 2834 2516 
126.jpg 0 1910 697 2530 1197 
DSC_6767.JPG 0 3110 1441 3726 2407 
IMG_0722.JPG 0 1735 725 2869 2381 0 2740 1721 3602 2591 1 3597 1006 5121 2478 1 488 2011 2168 2553 1 2126 2725 2664 3801 1 3644 2416 5496 3106 1 3493 3135 4339 3997 1 4993 1078 5929 1510 1 4826 1373 5734 2273 
IMG_0736.JPG 2 3059 1201 3801 2343 2 2354 1802 3110 2462 2 2746 2268 3382 2796 2 3183 2221 3969 2777 
z61.jpg 2 304 162 366 270 2 405 163 457 279 2 457 162 511 246 2 416 239 512 325 2 348 253 394 327 2 189 173 271 271 2 240 110 322 196 2 178 71 244 185 2 63 76 173 166 2 71 158 175 238 2 336 54 392 156 2 252 47 304 113 
z75.jpg 2 1 18 537 792 
z49.jpg 2 301 623 617 773 2 309 496 629 642 2 1 497 299 721 2 101 756 301 1008 2 2 647 212 803 
IMG_5211_new.JPG 2 32 94 308 248 
244.jpg 0 954 1299 2764 3455 0 540 741 1954 1483 0 11 952 1721 1648 
IMG_5167_new.JPG 2 40 87 302 279 
IMG_0681.JPG 0 2815 842 4033 2370 1 2011 242 2917 1138 1 3130 86 4360 1462 1 4291 150 5065 1750 1 725 334 2745 1462 
I40.jpg 1 232 859 2388 2039 
I54.jpg 1 944 302 2410 2552 
IMG_20210421_145955.jpg 2 1198 2122 1938 2986 2 2021 2216 2809 2980 2 1304 2868 2356 3650 2 2285 2981 3015 3697 2 1851 3381 2685 4203 2 2516 82 3202 722 2 2680 734 3450 1504 2 110 3010 756 3780 2 386 2728 1372 3320 2 515 3687 1191 4397 2 573 3146 1185 3680 
I55.jpg 1 244 723 2382 1919 
I41.jpg 1 389 504 2033 2438 
251.jpg 2 695 1643 3455 3455 
245.jpg 0 24 1577 2646 3401 0 2479 909 3455 3083 
z74.jpg 2 188 110 504 728 
z60.jpg 2 107 360 293 540 2 1 230 137 436 2 211 196 563 354 
IMG_20210421_150034.jpg 2 2074 2022 2920 2698 2 2392 1341 3932 2103 2 1257 1228 2139 2032 2 1069 1976 1997 2674 2 498 2828 1944 4098 2 1980 2875 2620 3861 2 2193 2233 4003 3027 2 1 1239 1175 2033 2 485 1835 1709 2815 
IMG_0737.JPG 2 2363 849 3201 1753 2 3050 1316 4044 1878 2 2740 1844 3406 2654 2 3563 721 4215 1473 2 1240 663 1906 1443 
127.jpg 0 462 792 1494 1324 
IMG_5158_new.JPG 2 47 94 307 224 
32.jpg 0 24 35 128 305 0 141 69 237 299 0 240 44 350 304 0 356 67 448 279 0 448 81 536 279 0 547 87 623 259 
IMG_5346_new.JPG 2 48 75 314 239 
IMG_20210421_145149.jpg 0 1316 2182 2890 3668 0 3133 2387 3997 4245 0 2951 493 4343 1139 
IMG_5208_new.JPG 2 16 72 300 270 
IMG_5218_new.JPG 2 38 78 328 282 
IMG_0709.JPG 0 2682 2018 3390 2486 1 3390 1982 4542 2466 0 3133 1522 3769 1890 1 3349 678 4357 1622 1 2242 1601 2662 2457 1 1906 2534 2626 3770 1 3987 2726 5229 3370 1 4458 382 5274 1750 1 862 882 2114 1346 1 2743 1354 3121 1982 1 2978 2426 3366 3346 1 1450 1026 2162 1982 1 2522 878 2742 1514 
I4.jpg 1 853 137 2509 2839 
131.jpg 0 1207 350 1839 1140 0 122 1226 1308 1934 0 828 1410 1594 2324 0 1520 1001 2606 1757 
IMG_4359_new.JPG 0 42 17 306 209 0 180 195 332 247 
DSC_6758.JPG 0 2618 779 3726 2469 
IMG_0735.JPG 2 2697 1830 3435 2444 2 2326 1592 2820 2434 2 1454 40 2172 978 2 736 487 1672 1249 2 3407 1873 4063 2511 2 2411 2482 3025 3316 2 3426 2430 4144 2962 
119.jpg 0 1243 10 2019 1346 0 971 1397 1791 2173 0 1686 1504 2554 2434 0 189 1268 1185 2254 0 992 2041 1760 2781 0 1698 989 2206 1509 
DSC_6764.JPG 0 3139 1332 4101 2774 
z76.jpg 2 316 469 568 633 2 612 448 826 600 2 1002 366 1124 546 2 100 655 286 833 2 983 787 1153 935 2 1269 663 1407 799 2 731 246 951 424 
z62.jpg 2 259 133 339 193 2 327 125 429 183 2 405 116 495 160 2 183 79 325 135 2 267 23 349 119 2 2 108 130 164 2 249 191 319 251 2 319 190 405 236 2 119 239 195 321 2 392 158 472 210 
253.jpg 0 650 66 2874 3456 
1_20011.jpg 0 14 41 188 175 
247.jpg 0 586 1377 2342 3455 
IMG_0682.JPG 0 2610 1505 3546 2753 1 2923 858 3865 1978 1 3890 862 4410 2162 1 3927 514 4761 1622 1 4566 1118 5478 2098 1 999 1206 2529 2142 1 1994 1106 2694 1882 1 1306 594 2332 1198 1 2578 362 3554 1302 1 3667 142 5521 1262 
IMG_0696.JPG 1 3985 870 5641 1986 0 2107 1626 2953 2794 1 3250 1866 4294 4000 1 4603 2810 5641 3902 
I57.jpg 1 292 902 2558 2180 
IMG_0669.JPG 0 1053 762 2113 2430 0 1178 90 2708 506 1 2178 1426 3666 2302 1 2083 2302 3757 3070 1 1150 2166 1982 3074 1 1 2882 1063 3394 1 1678 422 3574 1174 1 1054 2974 1702 3454 
IMG_0668.JPG 0 2733 1210 3637 2870 0 4033 654 5233 918 1 3571 2486 4921 3054 1 3603 1686 4197 2506 1 2741 2550 3537 3498 1 2203 1710 2533 2714 1 1731 1546 2433 2250 
I56.jpg 1 714 320 2470 2726 
IMG_0697.JPG 1 1718 2526 2766 3894 0 2369 1630 3453 2238 1 14 594 954 1370 
246.jpg 0 449 1370 2557 3386 0 4 2066 692 3454 
IMG_20210421_145228.jpg 0 1575 1127 3143 4369 0 2330 77 3880 1845 0 2671 707 3765 1981 
IMG_20210421_144650.jpg 0 2157 1746 3015 2680 0 970 663 1892 1315 0 3051 704 3709 1592 0 1555 2475 2443 3593 0 2627 3740 3997 4674 0 680 3487 2274 4245 0 1180 4035 2266 5021 0 2356 2963 3026 3969 0 2251 1005 3173 1767 0 1563 1339 2085 2167 
z63.jpg 2 117 262 557 512 2 1 147 443 435 2 64 528 378 744 
IMG_5255_new.JPG 0 32 99 252 257 0 248 31 332 165 
z77.jpg 2 133 90 527 696 
DSC_6765.JPG 0 3427 1025 4067 2011 
118.jpg 0 898 107 1654 1357 0 374 633 1130 1431 0 170 1489 1080 2259 0 980 1386 1688 2422 0 1549 1459 2403 2363 0 1746 1186 2538 1724 
130.jpg 0 1858 1870 2448 2400 
124.jpg 0 543 892 1139 1562 0 946 1256 1548 1738 0 213 1668 903 2364 0 1870 1865 2182 2537 0 2122 1509 2738 1897 0 1943 758 2699 1272 0 1649 465 2063 1127 0 1289 965 1981 1349 0 2188 1132 2742 1312 0 1534 1486 1976 2124 0 1928 1301 2206 1685 0 1180 525 1682 1201 
31.jpg 0 3 53 87 213 0 89 20 191 234 0 191 26 333 232 0 344 15 440 221 0 450 46 540 228 
25.jpg 0 145 17 343 325 
A9.jpg 1 954 1468 2880 2504 1 319 139 1263 2035 
IMG_20210421_145105.jpg 0 985 2381 4009 5073 0 732 957 3426 2009 
A38.jpg 1 139 1609 3049 3455 1 1129 467 2363 1673 1 79 147 1277 2073 
IMG_20210421_145139.jpg 0 569 2157 3257 4603 
IMG_4352_new.JPG 0 111 77 287 199 0 58 145 108 249 
DSC_6716.JPG 0 2975 1362 3485 2090 0 2451 1966 3221 2938 0 1878 2427 2732 3513 0 1874 1106 2916 1948 0 2621 919 3341 1437 0 3187 510 3597 1104 0 3491 1002 4225 1418 0 3314 1533 4070 2213 0 3446 1899 4198 2509 0 3078 2566 3642 3152 0 3450 2486 4080 3072 0 3017 3143 3637 3765 0 3902 3006 4576 3552 0 3933 2049 4841 2697 0 1959 1526 2845 2442 
81.jpg 0 721 294 2719 2808 
X12.jpg 1 792 494 2280 3110 
143.jpg 0 1461 529 2139 1349 0 1304 1380 1882 2182 0 1477 2256 2297 2934 0 1 556 451 1288 0 963 941 1527 1399 0 978 1422 1376 1980 0 741 2180 1527 2782 
IMG_5213_new.JPG 2 15 80 317 254 
157.jpg 0 370 1492 1348 2200 0 1386 1683 2172 2267 
C12.jpg 1 129 250 2487 2728 
z3.jpg 2 135 195 189 243 2 149 171 219 213 2 92 128 144 176 2 55 182 133 224 2 49 256 119 316 
z10.jpg 2 47 255 329 411 2 318 186 450 314 2 318 299 512 439 2 375 151 541 285 2 168 8 396 268 
B72.jpg 1 277 1563 2899 3403 
B66.jpg 1 302 1150 2208 3454 
IMG_4389_new.JPG 0 142 1 262 213 
IMG_20210421_144637.jpg 0 2116 1827 2810 2939 0 2364 3198 3656 3974 0 1020 2963 2456 3567 0 1304 3587 2056 4191 0 1057 4122 2161 5156 0 2227 4099 3409 4797 0 2185 2804 3185 3426 
IMG_20210421_144623.jpg 0 1845 1722 2709 3192 0 720 1717 2244 3133 0 763 2728 1785 3992 0 1933 3375 3309 4927 0 2169 2833 3467 3445 0 2563 1852 3519 2780 0 116 3651 1186 4239 0 1233 3940 2555 5538 
B250.jpg 1 1 899 2333 3455 
IMG_20210421_145059.jpg 0 1850 2292 3838 4192 0 1863 1311 3043 2139 0 558 1169 1920 3339 0 545 2 2397 1062 
I19.jpg 1 936 281 2210 2749 
I24.jpg 1 871 129 2355 2975 
I30.jpg 1 544 470 2764 2134 
I18.jpg 1 496 520 2516 2858 
B67.jpg 1 864 356 3420 1738 1 1471 1808 3455 3276 
z11.jpg 2 110 151 394 265 2 32 93 172 215 
z2.jpg 2 165 80 217 120 2 126 44 196 82 2 213 75 275 111 2 257 65 311 91 2 165 10 221 70 2 86 152 120 196 2 1 59 85 99 2 216 111 260 139 
C13.jpg 1 884 712 2770 3454 
156.jpg 0 1221 483 1927 1563 0 480 795 1182 1555 0 364 1507 1482 2273 0 1492 1586 3018 2452 0 652 369 1224 831 
142.jpg 0 713 938 1479 1534 0 1292 1428 2006 2438 0 161 677 569 989 0 2377 1519 3015 2205 0 897 2016 1315 2292 
94.jpg 0 1002 863 2426 2753 0 2 1216 1092 2466 0 4 3 1332 1055 0 908 3 2242 693 0 2215 1 2975 859 0 2433 666 2975 1884 
80.jpg 0 498 1 2670 2865 
DSC_6717.JPG 0 1730 1635 3398 2753 0 3338 1181 3982 1821 1 3586 2318 5008 3920 
A39.jpg 1 1302 181 2408 1783 1 60 2016 2850 3228 1 150 15 1056 2151 
A11.jpg 1 811 795 2225 3187 1 1427 70 2835 862 
A13.jpg 1 295 112 2673 3456 
7.jpg 0 251 208 371 316 0 148 372 230 460 0 231 356 281 438 0 270 374 440 462 0 333 325 443 387 
DSC_6701.JPG 0 1998 1781 3796 2769 
82.jpg 0 1190 966 2524 2796 0 333 1489 1245 2749 0 124 510 904 1434 
140.jpg 0 867 1969 1531 2767 0 693 610 1027 946 0 516 1051 788 1327 0 425 925 833 1103 
X11.jpg 1 1037 155 2497 3283 
DSC_6729.JPG 0 2398 1733 4160 2793 
X8.jpg 1 967 284 2587 3280 
C39.jpg 1 112 325 2790 3027 
z13.jpg 2 162 75 216 113 2 211 66 271 106 2 254 59 318 93 2 124 40 200 78 2 174 7 218 73 2 1 56 79 96 2 160 107 208 155 2 211 105 263 133 
B65.jpg 1 660 756 2330 3448 
B71.jpg 1 453 585 3155 3221 
IMG_4466_new.JPG 0 56 63 320 203 0 1 1 127 121 0 70 173 238 247 0 1 186 81 248 
IMG_5362_new.JPG 0 76 93 306 247 0 268 1 332 139 0 228 204 332 332 
I26.jpg 1 917 338 2531 2682 
I32.jpg 1 493 132 2629 2820 
I33.jpg 1 711 165 2237 2873 
I27.jpg 1 38 398 2776 2258 
237.jpg 0 850 1165 2732 3455 0 287 576 1349 1658 
IMG_20210421_144635.jpg 0 2228 1316 2944 2186 0 2091 3299 3467 4069 0 1051 3946 1891 4686 0 1304 1987 1910 2445 0 2027 2140 2467 2528 0 1251 1070 1945 2062 0 1687 2804 2169 3738 0 39 4404 1115 5298 0 164 3046 732 3568 0 574 3363 1238 3721 0 881 2439 1533 2873 0 1539 2534 2097 2962 0 2051 2693 2685 3333 0 516 974 1132 1550 0 228 721 626 1109 0 139 1087 567 1297 0 3663 862 3879 1386 0 3710 1475 4026 1697 0 3022 2880 3550 3184 0 3957 2787 4297 3215 
IMG_20210421_144621.jpg 0 1568 2727 3662 4497 0 1432 1640 2320 2838 0 398 2422 1626 3422 
B58.jpg 1 378 1225 2056 3435 
B70.jpg 1 512 135 3208 1945 
IMG_4482_new.JPG 0 103 70 275 222 0 262 1 332 111 
B64.jpg 1 1 1153 2657 3455 
z12.jpg 2 153 122 259 274 
C38.jpg 1 257 650 2879 3404 
z1.jpg 2 208 49 300 139 2 78 46 126 142 2 101 35 171 137 2 213 23 291 93 
X9.jpg 1 672 1 2646 3265 
141.jpg 0 743 701 1627 1367 0 1255 1334 1615 1694 0 1629 41 2357 773 
DSC_6728.JPG 0 2581 1615 4913 2603 
X10.jpg 1 671 343 2887 3231 
155.jpg 0 1595 113 2779 1309 0 1137 216 1685 964 0 392 529 1230 1227 0 1357 1172 2521 1788 0 840 2010 1378 2696 0 404 1604 1466 2318 
IMG_5235_new.JPG 0 90 92 306 210 0 51 146 209 300 
169.jpg 2 1147 404 1871 968 2 1604 177 2164 579 2 1941 1714 2647 2694 
C3.jpg 1 821 1377 3435 3413 
A12.jpg 1 1 1530 2663 2862 
78.jpg 0 219 297 2651 2565 
2.jpg 0 561 154 1253 1124 0 1008 831 1792 1381 
A16.jpg 1 422 1143 2080 3455 1 650 14 3446 1304 
X14.jpg 1 234 84 2998 3184 
145.jpg 0 931 771 1527 1479 0 1358 1542 1996 2394 0 483 1450 1079 1802 0 849 237 1333 715 
DSC_6704.JPG 0 3837 1730 5277 2622 0 4247 606 5205 1770 0 1802 1727 3820 2749 0 3699 2421 4741 3641 
93.jpg 0 133 553 2845 2009 
IMG_0741.JPG 2 2177 1973 3863 2739 2 1516 1254 2496 2768 2 783 2130 2097 3102 2 1834 2954 2920 3982 2 2473 2687 3497 3311 2 3397 2987 4287 3743 
C28.jpg 1 1695 1281 2745 3017 1 371 1529 1731 2821 1 1988 2921 3456 3455 
z5.jpg 2 255 218 501 328 2 149 49 293 247 2 0 40 172 252 2 1 266 205 418 2 187 353 299 459 
IMG_4391_new.JPG 1 96 112 326 224 
IMG_4381_new.JPG 0 84 47 212 187 0 64 53 158 127 
z16.jpg 2 288 145 372 267 2 391 212 533 286 2 374 332 490 448 2 316 278 400 364 2 119 195 257 307 2 54 288 288 392 2 386 277 596 365 
B48.jpg 1 368 221 2518 3455 
I23.jpg 1 122 547 2626 2337 
IMG_5363_new.JPG 0 37 136 311 266 0 198 1 332 147 
I37.jpg 1 174 808 2842 2420 
I36.jpg 1 488 920 2798 2228 
I22.jpg 1 196 1032 2724 2364 
IMG_20210421_145738.jpg 2 1050 3441 1844 4415 2 216 3346 1538 3986 2 1545 1750 2463 2774 2 2145 2528 2751 3092 2 1816 3340 2574 4214 2 2239 3399 3267 4445 2 610 2434 1662 2986 
B61.jpg 1 1509 687 3305 2921 
B49.jpg 1 460 367 2864 3455 
z17.jpg 2 112 263 294 453 2 127 404 323 594 2 308 374 510 528 2 323 306 469 424 2 338 524 470 658 
C15.jpg 1 5 1560 2797 3356 1 1477 1008 3455 2396 
IMG_4365_new.JPG 0 28 30 296 214 
z4.jpg 2 30 53 178 319 
C29.jpg 1 840 1525 3004 3383 
86.jpg 0 946 245 2392 2615 
IMG_0740.JPG 2 3035 1287 3725 2253 2 3340 1421 4206 2415 2 2135 1682 3163 2586 2 2978 2211 3706 2797 2 3245 2367 4121 3115 2 1873 363 2687 1563 2 1483 935 2533 1787 
DSC_6705.JPG 0 2414 1558 3720 2596 
144.jpg 2 1326 1513 2186 2411 2 447 1454 1619 2418 2 1801 420 2515 1034 
3.jpg 0 157 295 371 545 0 368 320 634 608 
IMG_20210421_145116.jpg 0 1873 1381 2973 3179 0 939 2216 1985 4074 0 1326 4016 2356 5416 0 527 4293 1373 5649 0 2391 3293 3091 4297 
A17.jpg 1 1233 1287 2769 3421 1 1619 19 2983 805 
79.jpg 0 840 846 2218 2502 0 2 813 1068 2055 0 361 1 1353 755 0 2043 763 2975 1919 0 1218 6 2502 700 
C6.jpg 1 949 660 2755 3416 
A29.jpg 1 22 2151 2452 3249 1 1790 125 3446 2211 1 535 50 1421 1338 
C4.jpg 1 1 1387 2631 3397 
A15.jpg 1 198 1560 1890 3418 1 1480 332 2800 2318 1 236 1112 1560 2866 
IMG_20210421_145114.jpg 0 2010 1292 3020 2974 0 2368 3227 3084 4227 0 1393 3922 2267 5422 0 557 4069 1327 5539 0 1045 2069 2215 3739 
1.jpg 0 203 222 371 376 0 233 7 421 247 0 245 343 435 503 
146.jpg 2 572 1010 1094 1632 2 868 516 1264 888 2 2435 1076 3023 1746 
84.jpg 0 418 681 2656 2571 
DSC_6707.JPG 0 1537 1361 2825 2265 0 3585 2502 4721 3430 0 2617 1742 3597 3024 
90.jpg 0 1005 441 2295 2887 0 16 2091 1270 2975 0 1469 2544 2975 2974 0 1793 328 2975 1074 
z6.jpg 2 228 137 350 269 2 327 51 439 253 2 75 164 287 310 
IMG_20210421_145302.jpg 0 1013 1933 2537 4451 
z15.jpg 2 287 416 405 644 2 124 422 268 636 2 46 324 218 454 2 33 520 143 718 
IMG_5212_new.JPG 2 11 75 307 277 
IMG_5202_new.JPG 2 34 84 332 248 2 1 175 77 309 
B63.jpg 1 401 1532 3179 3094 1 474 191 2378 1889 
IMG_20210421_145048.jpg 0 1157 1375 2585 3733 
IMG_4388_new.JPG 0 136 30 284 248 
I34.jpg 1 383 1017 2263 2591 
I20.jpg 1 493 797 2477 2743 
IMG_5345_new.JPG 2 29 63 315 231 
I21.jpg 1 68 356 2670 2588 
I35.jpg 1 571 383 2185 2903 1 1464 331 2658 2273 
B62.jpg 1 74 1294 2356 3134 
z28.jpg 2 143 5 431 393 
z14.jpg 2 44 65 386 241 
C16.jpg 1 966 1501 2694 3455 
91.jpg 0 1 0 767 680 0 711 316 1653 1428 0 1475 822 2975 1802 0 811 1491 1965 2899 0 2 1167 766 1865 
85.jpg 0 415 694 2945 2280 0 324 40 1902 1290 
153.jpg 2 210 371 1194 971 2 1147 98 2191 1212 2 1595 786 2553 1562 2 787 1198 1573 1910 2 935 1542 1991 2176 2 1856 2006 2734 3006 2 2432 1580 3022 2234 
147.jpg 0 1119 62 1843 1388 0 962 1151 1482 1503 0 198 1190 1496 1924 0 1455 1422 2551 2682 
X16.jpg 1 642 505 2728 3273 
A14.jpg 1 396 869 2370 3455 1 2346 622 3218 1590 
IMG_20210421_145101.jpg 0 104 2110 2762 3274 0 873 3440 2397 5774 0 3091 2640 4343 3856 
A28.jpg 1 833 1169 2833 2373 1 791 2401 2697 3397 
C5.jpg 1 385 1651 3167 3361 
