train/images/A25.jpg 1 0.570747 0.674334 0.458044 0.575521 1 0.318866 0.541811 0.299190 0.675637
train/images/C8.jpg 1 0.563657 0.660880 0.581597 0.650463
train/images/A31.jpg 1 0.282841 0.729745 0.518808 0.538773 1 0.756366 0.204861 0.483796 0.409144
train/images/A19.jpg 1 0.268519 0.599537 0.536458 0.358218 1 0.738137 0.508681 0.523727 0.264468 1 0.775029 0.181858 0.396123 0.335359 1 0.208044 0.331597 0.415509 0.277199 1 0.361111 0.860388 0.380208 0.279225
train/images/DSC_6737.JPG 0 0.518368 0.557520 0.189661 0.519920
train/images/DSC_6723.JPG 0 0.680020 0.502117 0.283245 0.180528 0 0.080701 0.073207 0.062334 0.145916
train/images/162.jpg 0 0.743221 0.608300 0.452050 0.259590 0 0.526951 0.315476 0.273479 0.285714 0 0.246197 0.467758 0.469907 0.263558 0 0.447751 0.673776 0.113095 0.154431 0 0.410053 0.185351 0.266534 0.139220 0 0.884094 0.358135 0.136574 0.126323 0 0.746693 0.230489 0.128307 0.095238 0 0.888724 0.219907 0.139220 0.070106
train/images/C27.jpg 1 0.618634 0.765046 0.380208 0.469907 1 0.543692 0.189381 0.394097 0.374132
train/images/C33.jpg 1 0.557002 0.581163 0.617477 0.831887
train/images/z19.jpg 2 0.504286 0.443750 0.100000 0.157500 2 0.817143 0.700000 0.182857 0.225000 2 0.677143 0.752500 0.188571 0.190000 2 0.051429 0.323750 0.097143 0.212500 2 0.437143 0.558750 0.102857 0.142500 2 0.552857 0.607500 0.111429 0.100000 2 0.928571 0.592500 0.120000 0.210000
train/images/z25.jpg 2 0.541270 0.506579 0.834921 0.837719
train/images/B47.jpg 1 0.301794 0.633391 0.337384 0.673611
train/images/_MG_0660.JPG 0 0.583667 0.590000 0.194667 0.235000 0 0.407667 0.457500 0.177333 0.132000
train/images/I11.jpg 1 0.518985 0.503864 0.572245 0.872648
train/images/I39.jpg 1 0.358031 0.424227 0.494960 0.372648 1 0.763777 0.676579 0.381720 0.527218
train/images/IMG_5217_new.JPG 2 0.513514 0.539039 0.864865 0.501502
train/images/_MG_0661.JPG 0 0.491667 0.490000 0.104000 0.291000
train/images/B46.jpg 1 0.331742 0.584491 0.612558 0.809028
train/images/B52.jpg 1 0.537326 0.570457 0.836227 0.859086
train/images/z24.jpg 2 0.852332 0.491667 0.207254 0.633333 2 0.650259 0.608333 0.233161 0.500000 2 0.371762 0.600000 0.391192 0.683333 2 0.282383 0.183333 0.559585 0.358333
train/images/IMG_4409_new.JPG 0 0.591592 0.504016 0.486486 0.726908 0 0.189189 0.538153 0.372372 0.819277 0 0.848348 0.730924 0.303303 0.538153
train/images/z30.jpg 2 0.651899 0.433962 0.171790 0.291105 2 0.200723 0.579515 0.253165 0.204852 2 0.625678 0.663073 0.130199 0.134771 2 0.607595 0.769542 0.155515 0.121294 2 0.485533 0.456873 0.193490 0.245283 2 0.832731 0.582210 0.197107 0.296496
train/images/z18.jpg 2 0.606250 0.508772 0.402500 0.238596 2 0.366250 0.259649 0.227500 0.498246 2 0.167500 0.670175 0.330000 0.322807 2 0.727500 0.768421 0.215000 0.315789 2 0.412500 0.826316 0.205000 0.333333 2 0.132500 0.233333 0.260000 0.431579
train/images/X3.jpg 1 0.532841 0.547598 0.569734 0.867188
train/images/89.jpg 0 0.328293 0.156418 0.352823 0.310820 0 0.582493 0.613743 0.480847 0.687836 0 0.759913 0.410618 0.443212 0.415995
train/images/DSC_6722.JPG 0 0.571310 0.626494 0.143285 0.336155 0 0.231300 0.082420 0.045047 0.162849
train/images/A1.jpg 1 0.504340 0.502315 0.418981 0.694444 1 0.780961 0.742332 0.373264 0.511863
train/images/A18.jpg 1 0.387153 0.565249 0.294560 0.548900 1 0.530237 0.125145 0.221354 0.183738 1 0.279369 0.218316 0.172743 0.212674 1 0.632234 0.296296 0.395255 0.350116
train/images/76.jpg 0 0.505880 0.579637 0.632056 0.707661
train/images/A30.jpg 1 0.355613 0.478733 0.311343 0.360243 1 0.493345 0.761140 0.414931 0.284433
train/images/A24.jpg 1 0.488860 0.810475 0.886863 0.379051 1 0.790799 0.401910 0.237269 0.260417 1 0.448206 0.353009 0.289352 0.238426
train/images/C9.jpg 1 0.613137 0.746238 0.572917 0.376157 1 0.203993 0.577546 0.285301 0.475694
train/images/A32.jpg 1 0.427083 0.660880 0.478009 0.676505 1 0.773872 0.481771 0.327257 0.432292
train/images/IMG_20210421_145127.jpg 0 0.641229 0.700017 0.655387 0.252935
train/images/A26.jpg 1 0.396991 0.705295 0.661458 0.458044
train/images/A3.jpg 1 0.521701 0.665799 0.940972 0.537037
train/images/DSC_6720.JPG 0 0.616356 0.600100 0.214761 0.149402 0 0.421875 0.543825 0.144947 0.202191 0 0.485040 0.772410 0.136968 0.252988 0 0.530918 0.495518 0.138298 0.266932
train/images/X18.jpg 1 0.464988 0.544560 0.625579 0.910880
train/images/DSC_6734.JPG 0 0.542221 0.535857 0.215426 0.424303
train/images/X24.jpg 1 0.445457 0.723814 0.343461 0.522859 1 0.804109 0.440394 0.391782 0.301505 1 0.732350 0.236834 0.407986 0.311053 1 0.468895 0.154948 0.346354 0.299479 1 0.300203 0.380064 0.583623 0.250289
train/images/161.jpg 0 0.508929 0.360615 0.291667 0.129299 0 0.292824 0.266369 0.178241 0.197421 0 0.263889 0.447751 0.214286 0.109127 0 0.333995 0.720403 0.196429 0.299934 0 0.591601 0.590112 0.248677 0.145172 0 0.710813 0.464782 0.244378 0.131283 0 0.304894 0.531085 0.242725 0.095238
train/images/C30.jpg 1 0.525318 0.779080 0.949363 0.441840
train/images/C24.jpg 1 0.404948 0.502170 0.663484 0.995660
train/images/C18.jpg 1 0.560764 0.759549 0.677662 0.480903 1 0.640625 0.487847 0.661458 0.358218 1 0.279803 0.344618 0.321181 0.440972
train/images/z26.jpg 2 0.586563 0.522917 0.392765 0.937500 2 0.251938 0.458333 0.447028 0.891667
train/images/B50.jpg 1 0.356047 0.605903 0.711516 0.788194
train/images/IMG_4370_new.JPG 0 0.602102 0.455823 0.561562 0.421687
train/images/_MG_0663.JPG 0 0.468000 0.495000 0.130000 0.355000 0 0.577000 0.239000 0.236000 0.117000
train/images/IMG_5157_new.JPG 2 0.506006 0.500000 0.801802 0.537538
train/images/IMG_5221_new.JPG 2 0.504505 0.584084 0.882883 0.657658
train/images/I12.jpg 1 0.583501 0.513273 0.603831 0.931788
train/images/IMG_4410_new.JPG 0 0.638138 0.554217 0.621622 0.674699
train/images/_MG_0662.JPG 0 0.473667 0.397000 0.116000 0.337000
train/images/B51.jpg 1 0.449508 0.636574 0.754340 0.693866
train/images/z27.jpg 2 0.096094 0.540134 0.189062 0.672241 2 0.331250 0.572742 0.362500 0.720736 2 0.617969 0.655518 0.270313 0.565217 2 0.861719 0.628763 0.276562 0.588629 2 0.709375 0.220736 0.506250 0.294314
train/images/C19.jpg 1 0.502025 0.620949 0.884838 0.592593
train/images/C25.jpg 1 0.522859 0.609954 0.851273 0.476852
train/images/z8.jpg 2 0.386719 0.692604 0.379688 0.611710 2 0.302344 0.194915 0.401562 0.325116 2 0.732812 0.319723 0.459375 0.439137
train/images/C31.jpg 1 0.331163 0.621383 0.631655 0.601562
train/images/160.jpg 0 0.497851 0.154762 0.143188 0.288360 0 0.679563 0.170304 0.258598 0.217593 0 0.517857 0.241898 0.227513 0.166336 0 0.737269 0.315146 0.327712 0.124339 0 0.503968 0.679233 0.165344 0.169312 0 0.659061 0.601190 0.229497 0.167328 0 0.540344 0.803075 0.150132 0.120040 0 0.377976 0.342593 0.268519 0.105159 0 0.312004 0.927579 0.154431 0.144841 0 0.468254 0.933532 0.122354 0.132937 0 0.570933 0.918816 0.127315 0.155093
train/images/DSC_6735.JPG 0 0.606715 0.533118 0.141955 0.334163
train/images/148.jpg 0 0.422123 0.394180 0.166336 0.264550 0 0.643188 0.452381 0.289683 0.146164 0 0.538360 0.570602 0.224206 0.124008 0 0.616402 0.637235 0.200397 0.101190 0 0.347057 0.531911 0.228505 0.119378
train/images/IMG_5252_new.JPG 0 0.536036 0.504505 0.927928 0.426426
train/images/A6.jpg 1 0.493924 0.394965 0.549769 0.739583
train/images/170.jpg 2 0.503968 0.597057 0.167328 0.199405 2 0.500992 0.711971 0.201720 0.192460 2 0.635747 0.807540 0.156415 0.225529 2 0.697255 0.850694 0.133267 0.151124
train/images/X21.jpg 1 0.559317 0.529659 0.484954 0.940683
train/images/DSC_6719.JPG 0 0.557846 0.519422 0.158910 0.294821
train/images/DSC_6725.JPG 0 0.576213 0.692480 0.197307 0.534363
train/images/158.jpg 0 0.412037 0.730820 0.202381 0.406746 0 0.310516 0.389716 0.171296 0.387897 0 0.618552 0.605159 0.208664 0.227513 0 0.703704 0.485780 0.170635 0.229497 0 0.638558 0.287533 0.152116 0.223214
train/images/C21.jpg 1 0.603154 0.491175 0.710359 0.861979
train/images/z23.jpg 2 0.608750 0.350329 0.147500 0.332237 2 0.851250 0.292763 0.212500 0.348684 2 0.546250 0.669408 0.292500 0.200658 2 0.790000 0.541118 0.245000 0.292763
train/images/B69.jpg 1 0.625000 0.346065 0.744213 0.491898
train/images/B41.jpg 1 0.411024 0.653791 0.821470 0.692419 1 0.476997 0.288194 0.400174 0.390046
train/images/B55.jpg 1 0.505353 0.594618 0.600405 0.801505
train/images/IMG_5156_new.JPG 2 0.512012 0.469970 0.621622 0.357357 2 0.136637 0.773273 0.267267 0.315315
train/images/IMG_20210421_145056.jpg 0 0.302831 0.313018 0.305939 0.435773 0 0.493094 0.520200 0.421271 0.521064
train/images/I16.jpg 1 0.495296 0.592574 0.608871 0.793347
train/images/IMG_5220_new.JPG 2 0.516517 0.475976 0.786787 0.627628
train/images/IMG_20210421_145731.jpg 2 0.591851 0.354195 0.253223 0.113778 2 0.376036 0.308961 0.173343 0.110670 2 0.424724 0.410566 0.189687 0.120856 2 0.631215 0.536516 0.253223 0.116885 2 0.459945 0.640625 0.178637 0.125863 2 0.669774 0.713657 0.197744 0.148308 2 0.495741 0.755870 0.144797 0.167472
train/images/B54.jpg 1 0.386429 0.655237 0.738715 0.566840
train/images/B68.jpg 1 0.608507 0.323640 0.782986 0.552951
train/images/0725).jpg 0 0.489387 0.482353 0.076258 0.376471 0 0.413129 0.487395 0.113994 0.332773
train/images/C20.jpg 1 0.469473 0.512153 0.590567 0.975694
train/images/IMG_5179_new.JPG 0 0.608108 0.585586 0.783784 0.510511
train/images/C34.jpg 1 0.526765 0.507234 0.449942 0.890046
train/images/DSC_6730.JPG 0 0.573388 0.489666 0.319315 0.305030 0 0.030003 0.457420 0.059674 0.222112
train/images/159.jpg 0 0.718254 0.516038 0.269841 0.195437 0 0.666667 0.722884 0.150132 0.206349 0 0.467758 0.572586 0.263558 0.140542 0 0.399636 0.439319 0.155093 0.142526 0 0.519841 0.479993 0.211640 0.125331 0 0.247189 0.635747 0.213294 0.192130 0 0.214120 0.568618 0.195437 0.216601 0 0.234788 0.472388 0.202381 0.144511 0 0.430721 0.712963 0.183532 0.138228
train/images/DSC_6724.JPG 0 0.566489 0.522784 0.179521 0.155627
train/images/165.jpg 0 0.464120 0.628142 0.306548 0.397817 0 0.684193 0.364749 0.259259 0.429894 0 0.488757 0.382275 0.153439 0.258598 0 0.179729 0.405754 0.178241 0.243386 0 0.418651 0.162698 0.225529 0.188492
train/images/X20.jpg 1 0.359664 0.506221 0.624421 0.481192 1 0.665943 0.400463 0.464988 0.357060
train/images/A22.jpg 1 0.286458 0.514757 0.425926 0.234375 1 0.715567 0.672309 0.568866 0.328414 1 0.165943 0.830874 0.331308 0.338252 1 0.529948 0.901331 0.366030 0.197338
train/images/A36.jpg 1 0.330295 0.617477 0.521701 0.623843 1 0.808594 0.379485 0.382812 0.456887
train/images/A7.jpg 1 0.492911 0.568576 0.388021 0.649306 1 0.537182 0.168547 0.718461 0.258391
train/images/8.jpg 0 0.608000 0.454006 0.188000 0.255193 0 0.665000 0.746291 0.198000 0.216617 0 0.496000 0.807122 0.144000 0.178042 0 0.394000 0.620178 0.164000 0.213650 0 0.421000 0.864985 0.174000 0.198813 0 0.368000 0.445104 0.144000 0.183976 0 0.497000 0.814540 0.146000 0.192878 0 0.519000 0.246291 0.130000 0.326409
train/images/IMG_20210421_145109.jpg 0 0.390193 0.577607 0.361418 0.493612 0 0.843692 0.622410 0.304328 0.556630
train/images/A5.jpg 1 0.401042 0.613426 0.438079 0.753472
train/images/IMG_20210421_145121.jpg 0 0.377417 0.709254 0.241022 0.417472 0 0.608886 0.542559 0.276243 0.342369 0 0.709024 0.190176 0.555249 0.252935
train/images/A20.jpg 1 0.433594 0.555700 0.389178 0.627604
train/images/A34.jpg 1 0.475405 0.556568 0.550926 0.541956 1 0.744358 0.694300 0.502025 0.415799
train/images/X22.jpg 1 0.552807 0.546730 0.645544 0.890914
train/images/DSC_6726.JPG 0 0.412849 0.632896 0.353088 0.355219
train/images/X7.jpg 1 0.530816 0.480758 0.911169 0.463831
train/images/C22.jpg 1 0.640046 0.502604 0.620370 0.994792
train/images/C36.jpg 1 0.503328 0.642795 0.508970 0.714410
train/images/IMG_20210421_144613.jpg 0 0.487684 0.493267 0.285681 0.310773 0 0.776819 0.326744 0.238260 0.192852 0 0.753683 0.669544 0.392726 0.157459 0 0.226980 0.821823 0.343923 0.210290 0 0.583909 0.885273 0.264042 0.196996 0 0.751036 0.800501 0.295350 0.110670 0 0.568946 0.237914 0.169199 0.116713 0 0.910106 0.482217 0.179788 0.131906 0 0.759208 0.474534 0.129834 0.110670
train/images/IMG_20210421_144607.jpg 0 0.445672 0.374914 0.125230 0.097894 0 0.282113 0.368526 0.208794 0.119648 0 0.216506 0.439140 0.157689 0.092023 0 0.317795 0.499482 0.142495 0.082528 0 0.234116 0.613691 0.098066 0.106181 0 0.411948 0.581751 0.139733 0.076830 0 0.558702 0.559997 0.121087 0.122756 0 0.448204 0.505611 0.139042 0.115159 0 0.524171 0.453211 0.127072 0.072859 0 0.684507 0.641747 0.208794 0.080456 0 0.502417 0.667731 0.129604 0.114468 0 0.382136 0.685946 0.131215 0.129144 0 0.270028 0.710894 0.086096 0.104800 0 0.620856 0.327434 0.187385 0.082355 0 0.591506 0.276070 0.133748 0.079420 0 0.468692 0.272272 0.098066 0.051105 0 0.631215 0.530387 0.104052 0.053177 0 0.478936 0.216592 0.138812 0.067852 0 0.922537 0.436378 0.130985 0.154178
train/images/B56.jpg 1 0.460069 0.600116 0.500000 0.746528 1 0.815104 0.657986 0.369792 0.646991
train/images/B42.jpg 1 0.508681 0.629919 0.982639 0.588542
train/images/_MG_0659.JPG 0 0.384667 0.531500 0.167333 0.126000 0 0.397000 0.654000 0.145333 0.143000 0 0.574333 0.382500 0.217333 0.198000
train/images/I15.jpg 1 0.477151 0.470430 0.616935 0.862231
train/images/I29.jpg 1 0.551915 0.443548 0.760417 0.537634
train/images/IMG_5206_new.JPG 2 0.500000 0.522523 0.747748 0.492492
train/images/DSC_6690.JPG 0 0.557513 0.539841 0.246011 0.222112
train/images/B249.jpg 1 0.343171 0.643808 0.685764 0.712384
train/images/238.jpg 2 0.552228 0.741609 0.632812 0.516782
train/images/B43.jpg 1 0.386140 0.521701 0.721354 0.956597
train/images/B57.jpg 1 0.438513 0.676215 0.510706 0.647569 1 0.816985 0.362558 0.366030 0.399306 1 0.853877 0.766638 0.292245 0.466725
train/images/z21.jpg 2 0.492500 0.503448 0.140000 0.227586 2 0.606250 0.474138 0.182500 0.148276 2 0.651250 0.350000 0.137500 0.251724 2 0.431250 0.563793 0.177500 0.148276 2 0.481250 0.765517 0.202500 0.206897
train/images/C23.jpg 1 0.412616 0.578559 0.632523 0.842882
train/images/X6.jpg 1 0.557726 0.576100 0.751447 0.490741
train/images/DSC_6727.JPG 0 0.502743 0.504607 0.317985 0.289592
train/images/DSC_6733.JPG 0 0.593833 0.593875 0.217586 0.250000
train/images/X23.jpg 1 0.519821 0.544126 0.677373 0.748553
train/images/166.jpg 0 0.669643 0.602679 0.314815 0.240410 0 0.307374 0.618717 0.335648 0.264550 0 0.405093 0.323578 0.250661 0.277447
train/images/A35.jpg 1 0.363137 0.645978 0.647569 0.568576 1 0.553241 0.302807 0.403356 0.576678
train/images/A21.jpg 1 0.418547 0.543692 0.345197 0.148727 1 0.638600 0.721644 0.579861 0.311343 1 0.231337 0.811053 0.356192 0.370370
train/images/A4.jpg 1 0.427517 0.529659 0.652488 0.529803
train/images/14.jpg 0 0.494983 0.452500 0.173913 0.110000 0 0.563545 0.638750 0.250836 0.092500 0 0.409699 0.621250 0.070234 0.092500 0 0.294314 0.643750 0.167224 0.107500 0 0.414716 0.773750 0.100334 0.117500 0 0.556856 0.831250 0.230769 0.147500 0 0.438127 0.301250 0.147157 0.057500
train/images/I8.jpg 1 0.763609 0.646505 0.465390 0.422715 1 0.669019 0.233535 0.375672 0.403226 1 0.272009 0.517977 0.543347 0.320901
train/images/IMG_0711.JPG 0 0.503667 0.425500 0.426667 0.596000 0 0.186083 0.791375 0.363500 0.401250
train/images/DSC_6740.JPG 0 0.615027 0.507221 0.148936 0.473108
train/images/IMG_0705.JPG 0 0.597000 0.622000 0.254667 0.135000 1 0.525333 0.353000 0.134000 0.407000 1 0.271333 0.230500 0.128667 0.438000 1 0.337333 0.473500 0.110000 0.334000 1 0.300000 0.778000 0.111333 0.261000 1 0.441000 0.823500 0.177333 0.310000 1 0.536333 0.837750 0.077333 0.324500 1 0.387000 0.579000 0.077333 0.139000 1 0.211667 0.616500 0.149333 0.298000 1 0.138000 0.385000 0.146000 0.249000
train/images/DSC_6768.JPG 0 0.525682 0.328187 0.136469 0.272908
train/images/IMG_0739.JPG 2 0.455083 0.374250 0.173167 0.328500 2 0.642833 0.690250 0.237333 0.303500 2 0.455083 0.769500 0.188833 0.421500
train/images/115.jpg 0 0.329530 0.424272 0.273479 0.302910 0 0.211144 0.587632 0.329696 0.180556 0 0.628472 0.619213 0.424934 0.241733 0 0.784392 0.822090 0.207672 0.354497 0 0.677745 0.411706 0.214616 0.247354
train/images/IMG_5232_new.JPG 2 0.566066 0.569069 0.717718 0.453453 2 0.160661 0.807808 0.315315 0.384384
train/images/IMG_20210421_144729.jpg 0 0.592657 0.459858 0.194982 0.266057 0 0.753683 0.581146 0.373849 0.135014 0 0.321708 0.539019 0.379144 0.193025 0 0.585175 0.729972 0.207182 0.207182 0 0.188536 0.717800 0.375230 0.162465 0 0.507942 0.258287 0.153085 0.189917 0 0.697053 0.813709 0.113720 0.125000 0 0.858080 0.722894 0.194982 0.119820 0 0.717196 0.947255 0.197744 0.105490
train/images/z85.jpg 2 0.503750 0.476667 0.802500 0.613333
train/images/IMG_4363_new.JPG 0 0.454955 0.469880 0.735736 0.779116
train/images/z52.jpg 2 0.380469 0.454791 0.385937 0.251012 2 0.293750 0.667341 0.503125 0.182186
train/images/z46.jpg 2 0.375587 0.507418 0.206573 0.329377 2 0.255086 0.545252 0.153365 0.262611 2 0.161189 0.551187 0.187793 0.218101 2 0.852895 0.845697 0.143975 0.157270 2 0.701095 0.905786 0.219092 0.135015
train/images/IMG_5126_new.JPG 0 0.537538 0.527027 0.750751 0.477477
train/images/IMG_5250_new.JPG 2 0.496997 0.307808 0.345345 0.363363 2 0.387387 0.606607 0.474474 0.384384 2 0.716216 0.642643 0.345345 0.330330
train/images/IMG_0665.JPG 0 0.510167 0.318500 0.157333 0.234000 0 0.451167 0.627250 0.144667 0.388000 1 0.626333 0.710500 0.213333 0.124000 1 0.291667 0.842500 0.164000 0.180000 1 0.227667 0.330500 0.100000 0.190000 1 0.240667 0.495000 0.098000 0.165000 1 0.073000 0.317000 0.124000 0.127000
train/images/IMG_0671.JPG 0 0.534000 0.587500 0.126000 0.098000 0 0.499000 0.527375 0.060000 0.138250 0 0.454167 0.494875 0.082667 0.191250 1 0.739000 0.298500 0.070667 0.174000 1 0.818333 0.190000 0.105333 0.113000 1 0.212667 0.283500 0.083333 0.250000 1 0.341667 0.429500 0.106667 0.136000 1 0.692667 0.142000 0.138000 0.089000 1 0.745333 0.291500 0.083333 0.148000 1 0.460000 0.688500 0.090000 0.152000 1 0.383333 0.595500 0.158000 0.084000 1 0.299333 0.229000 0.078000 0.127000 1 0.292000 0.139000 0.102000 0.103000
train/images/IMG_0670.JPG 0 0.566167 0.334500 0.240000 0.160000 0 0.436667 0.587875 0.136667 0.308750 1 0.614333 0.502500 0.258667 0.202000 1 0.420333 0.211000 0.101333 0.379000 1 0.236000 0.134500 0.123333 0.186000 1 0.187333 0.347500 0.091333 0.192000 1 0.643333 0.783000 0.331333 0.103000 1 0.398333 0.844000 0.089333 0.223000 1 0.150000 0.677000 0.110000 0.259000 1 0.248000 0.774500 0.087333 0.242000 1 0.331000 0.707000 0.076000 0.279000
train/images/IMG_0664.JPG 0 0.450667 0.458500 0.130000 0.310000 0 0.547000 0.241875 0.224000 0.143250 1 0.591667 0.514000 0.173333 0.141000 1 0.604333 0.666500 0.217333 0.148000 1 0.429667 0.643500 0.130667 0.178000 1 0.529333 0.111000 0.212667 0.197000 1 0.593000 0.348000 0.233333 0.209000 1 0.323000 0.870000 0.145333 0.115000 1 0.236000 0.782000 0.062000 0.173000 1 0.322667 0.484000 0.086000 0.225000 1 0.420667 0.228000 0.096667 0.175000 1 0.468333 0.878500 0.120000 0.204000
train/images/IMG_5365_new.JPG 0 0.650150 0.241742 0.303303 0.477477 0 0.366366 0.453453 0.384384 0.246246 0 0.453453 0.761261 0.348348 0.477477 0 0.657658 0.777778 0.294294 0.360360
train/images/z47.jpg 2 0.431925 0.696203 0.159624 0.103213 2 0.560250 0.594937 0.125196 0.091529 2 0.620501 0.729796 0.273865 0.172347 2 0.395931 0.788218 0.131455 0.084713 2 0.502347 0.785297 0.137715 0.080818 2 0.740219 0.738559 0.175274 0.076923 2 0.812207 0.858812 0.359937 0.120740 2 0.579812 0.918695 0.201878 0.145083
train/images/z53.jpg 2 0.567969 0.632500 0.260937 0.197000 2 0.843750 0.667000 0.312500 0.184000 2 0.678906 0.835500 0.314063 0.143000 2 0.448437 0.815000 0.334375 0.176000 2 0.315625 0.598000 0.250000 0.172000 2 0.163281 0.745500 0.323437 0.103000 2 0.182812 0.591000 0.150000 0.158000
train/images/z84.jpg 2 0.500000 0.431356 0.120954 0.184746 2 0.440375 0.566102 0.148211 0.155932 2 0.563884 0.636441 0.112436 0.133898 2 0.666099 0.796610 0.146508 0.244068 2 0.792164 0.723729 0.183986 0.237288 2 0.936116 0.620339 0.127768 0.200000
train/images/IMG_0738.JPG 2 0.492417 0.471875 0.117500 0.207250 2 0.370917 0.545000 0.171500 0.134500 2 0.554667 0.595000 0.118333 0.103500 2 0.567000 0.468875 0.120667 0.191750 2 0.429333 0.413500 0.116667 0.133500 2 0.661750 0.693250 0.080167 0.116500 2 0.396833 0.767625 0.081667 0.091750 2 0.093167 0.190750 0.155667 0.109500
train/images/114.jpg 0 0.234292 0.587632 0.467923 0.248677 0 0.564980 0.594577 0.245701 0.184524 0 0.433201 0.234292 0.260582 0.456019 0 0.795470 0.636739 0.395833 0.308532
train/images/DSC_6769.JPG 0 0.524518 0.313123 0.170379 0.168078
train/images/IMG_0704.JPG 1 0.508333 0.234500 0.124000 0.358000 0 0.578333 0.464500 0.208000 0.096000 1 0.418333 0.620500 0.166667 0.248000 1 0.343667 0.307500 0.098667 0.304000 1 0.302000 0.530500 0.115333 0.194000 1 0.465000 0.792500 0.121333 0.150000 1 0.662667 0.889750 0.290000 0.220500 1 0.291333 0.163750 0.112667 0.322500 1 0.223000 0.421000 0.113333 0.169000 1 0.177333 0.260000 0.122000 0.237000 1 0.301667 0.512000 0.120000 0.175000
train/images/DSC_6741.JPG 0 0.861370 0.144671 0.277261 0.202191 0 0.530834 0.662849 0.239528 0.408865
train/images/128.jpg 0 0.227844 0.502480 0.322751 0.378638 0 0.547454 0.521991 0.360780 0.381944 0 0.816964 0.412368 0.272817 0.254630 0 0.485615 0.701885 0.263558 0.244378 0 0.717758 0.508929 0.238426 0.223545
train/images/I9.jpg 1 0.513105 0.506048 0.831989 0.506048 1 0.739079 0.212198 0.521841 0.372648
train/images/1621413715770.jpg 0 0.450437 0.559833 0.140625 0.225000 0 0.575438 0.450417 0.109375 0.056167
train/images/IMG_0710.JPG 1 0.265667 0.239500 0.197333 0.098000 1 0.323000 0.359500 0.102667 0.196000 1 0.298000 0.495500 0.114000 0.126000 1 0.335000 0.727000 0.110667 0.247000 1 0.390667 0.480500 0.058000 0.202000 1 0.630000 0.572500 0.184667 0.108000 1 0.503667 0.683500 0.081333 0.182000 1 0.402667 0.769500 0.107333 0.140000 1 0.670000 0.750500 0.167333 0.144000 0 0.469333 0.548500 0.107333 0.082000 0 0.550667 0.445000 0.063333 0.093000 1 0.621000 0.358000 0.124000 0.237000 1 0.750667 0.367000 0.138000 0.239000 1 0.870667 0.614500 0.100667 0.212000 1 0.491667 0.438000 0.080000 0.115000 1 0.436333 0.306000 0.053333 0.167000
train/images/DSC_6755.JPG 0 0.607380 0.466758 0.132314 0.325946
train/images/1621413715799.jpg 0 0.462000 0.456000 0.290667 0.231000 0 0.472667 0.616000 0.154667 0.227000
train/images/DSC_6757.JPG 0 0.556765 0.499502 0.143451 0.337151
train/images/116.jpg 0 0.705688 0.324570 0.326720 0.295304 0 0.347884 0.390708 0.324735 0.191468 0 0.345899 0.645337 0.204365 0.333664 0 0.641700 0.490906 0.230489 0.205357 0 0.273810 0.139716 0.470899 0.218585 0 0.655589 0.683366 0.368717 0.327712
train/images/z86.jpg 2 0.466667 0.497500 0.240000 0.185000 2 0.731667 0.501250 0.356667 0.207500 2 0.283333 0.606250 0.380000 0.187500 2 0.190000 0.772500 0.373333 0.195000 2 0.436667 0.833750 0.320000 0.282500 2 0.623333 0.737500 0.353333 0.260000 2 0.598333 0.255000 0.250000 0.300000
train/images/IMG_20210421_144716.jpg 0 0.521524 0.235929 0.236878 0.313709 0 0.711786 0.418163 0.422652 0.158494 0 0.260359 0.484720 0.467311 0.202175 0 0.627762 0.571996 0.279006 0.167472 0 0.775437 0.283063 0.243785 0.127935
train/images/z79.jpg 2 0.721094 0.599062 0.498437 0.203986 2 0.434375 0.348183 0.231250 0.321219 2 0.363281 0.474795 0.260937 0.239156 2 0.214062 0.711606 0.425000 0.262603
train/images/z45.jpg 2 0.633438 0.346330 0.284144 0.389908 2 0.262166 0.352064 0.150706 0.341743 2 0.352433 0.344037 0.202512 0.380734 2 0.627943 0.223624 0.219780 0.323394
train/images/z51.jpg 2 0.537500 0.523404 0.215625 0.310638 2 0.287500 0.642553 0.315625 0.391489 2 0.585938 0.757447 0.228125 0.259574
train/images/IMG_20210421_145232.jpg 0 0.500806 0.532804 0.420120 0.609807
train/images/248.jpg 2 0.347656 0.575955 0.692419 0.848090 2 0.616175 0.495804 0.562789 0.609664
train/images/IMG_5343_new.JPG 2 0.548048 0.447447 0.891892 0.582583
train/images/IMG_0699.JPG 0 0.494000 0.515500 0.071333 0.162000 1 0.459000 0.372500 0.142667 0.160000 1 0.622333 0.530000 0.130667 0.185000 1 0.518667 0.173000 0.083333 0.267000 1 0.648000 0.268000 0.196667 0.131000 1 0.817000 0.567000 0.096000 0.219000
train/images/I58.jpg 1 0.457661 0.509241 0.877688 0.538642
train/images/IMG_0672.JPG 0 0.640167 0.551000 0.189333 0.151000 0 0.526167 0.352750 0.086667 0.305000 0 0.601667 0.451000 0.102667 0.153000 1 0.408000 0.462500 0.244667 0.104000 1 0.524667 0.591000 0.115333 0.179000 1 0.584333 0.874500 0.098667 0.224000 1 0.893000 0.139500 0.102667 0.140000 1 0.611000 0.243500 0.114667 0.224000
train/images/IMG_0667.JPG 0 0.362667 0.376500 0.099333 0.288000 0 0.449667 0.657000 0.184000 0.249000 1 0.609667 0.523500 0.134667 0.208000 1 0.252667 0.422000 0.192667 0.107000 1 0.445000 0.392000 0.118667 0.177000 1 0.271667 0.502500 0.173333 0.126000 1 0.227667 0.624000 0.129333 0.121000 1 0.299333 0.740000 0.128667 0.087000 1 0.821333 0.586000 0.091333 0.137000
train/images/I59.jpg 1 0.483535 0.493616 0.707661 0.949597
train/images/IMG_0698.JPG 0 0.500333 0.521000 0.305333 0.251000 1 0.569667 0.393000 0.365333 0.143000 1 0.673000 0.192500 0.432000 0.126000 1 0.319000 0.272500 0.169333 0.344000
train/images/249.jpg 2 0.384838 0.597801 0.769097 0.792245
train/images/z50.jpg 2 0.549219 0.787736 0.095312 0.264151 2 0.630469 0.694575 0.154688 0.181604 2 0.384375 0.510613 0.118750 0.110849 2 0.397656 0.748821 0.095312 0.205189
train/images/z44.jpg 2 0.521094 0.593812 0.273438 0.303393 2 0.340625 0.624750 0.168750 0.223553 2 0.546875 0.800399 0.353125 0.203593 2 0.228906 0.816866 0.420312 0.156687 2 0.803906 0.801896 0.379688 0.142715 2 0.760156 0.541916 0.254688 0.139721
train/images/IMG_4355_new.JPG 0 0.605105 0.534137 0.627628 0.546185
train/images/z78.jpg 2 0.542969 0.696732 0.195312 0.303268 2 0.295312 0.696078 0.268750 0.249673 2 0.220312 0.513725 0.284375 0.143791
train/images/IMG_5172_new.JPG 0 0.567568 0.288288 0.792793 0.552553 0 0.531532 0.698198 0.750751 0.441441
train/images/IMG_20210421_145409.jpg 0 0.560428 0.430853 0.332182 0.390711
train/images/IMG_5214_new.JPG 2 0.531532 0.472973 0.936937 0.537538 2 0.306306 0.223724 0.606607 0.435435
train/images/117.jpg 0 0.528439 0.200231 0.208333 0.343585 0 0.750331 0.362103 0.406085 0.186508 0 0.345073 0.327546 0.244378 0.149140 0 0.304894 0.514054 0.216270 0.267526 0 0.238261 0.796131 0.209325 0.286706 0 0.549934 0.732474 0.207672 0.243386 0 0.441303 0.692956 0.164352 0.234458
train/images/IMG_0713.JPG 0 0.574667 0.468500 0.134000 0.136000 0 0.391333 0.511000 0.195333 0.151000 1 0.744667 0.275000 0.154000 0.531000 1 0.626000 0.739000 0.118000 0.343000 1 0.323333 0.223500 0.134000 0.370000 1 0.870833 0.883500 0.258333 0.224000
train/images/DSC_6756.JPG 0 0.528424 0.578934 0.143285 0.298805
train/images/A44.jpg 1 0.344184 0.535156 0.583623 0.548900
train/images/A40.jpg 1 0.399595 0.765191 0.746528 0.467882 1 0.265336 0.311198 0.530093 0.507812
train/images/113.jpg 0 0.361938 0.261905 0.222553 0.288360 0 0.610450 0.421792 0.344577 0.203373 0 0.362599 0.706515 0.259590 0.530093 0 0.789352 0.492560 0.291667 0.561177
train/images/IMG_0703.JPG 1 0.359000 0.587000 0.213333 0.225000 1 0.525333 0.390000 0.195333 0.373000 0 0.559667 0.646500 0.225333 0.172000 1 0.672000 0.572500 0.330000 0.160000 1 0.192667 0.102500 0.266000 0.198000 1 0.297667 0.412500 0.177333 0.290000 1 0.216333 0.656500 0.174667 0.198000 1 0.269333 0.879750 0.212667 0.240500
train/images/IMG_0717.JPG 0 0.499917 0.546250 0.151500 0.263000 0 0.474917 0.440250 0.144500 0.168000 1 0.659000 0.487250 0.166667 0.278500 1 0.656667 0.685500 0.165000 0.130000 1 0.332000 0.587875 0.179333 0.096250 1 0.404333 0.755750 0.208000 0.182000 1 0.906667 0.434875 0.093667 0.273750 1 0.783250 0.600375 0.102500 0.259750 1 0.665000 0.837875 0.107000 0.105750 1 0.465333 0.885375 0.160333 0.132250 1 0.567333 0.917000 0.096000 0.138000
train/images/z83.jpg 2 0.333000 0.378667 0.140000 0.269333 2 0.137500 0.244000 0.185000 0.410667 2 0.110000 0.402000 0.208000 0.238667 2 0.144000 0.610000 0.198000 0.174667 2 0.342500 0.696667 0.179000 0.265333 2 0.485500 0.650000 0.135000 0.185333 2 0.508000 0.454667 0.156000 0.176000 2 0.521000 0.222667 0.214000 0.266667 2 0.777000 0.857333 0.244000 0.256000 2 0.545000 0.844667 0.142000 0.228000 2 0.630500 0.860000 0.079000 0.152000 2 0.642000 0.676667 0.134000 0.124000
train/images/z40.jpg 2 0.771875 0.744792 0.378125 0.318750 2 0.515625 0.536458 0.259375 0.231250 2 0.413281 0.789583 0.329688 0.341667 2 0.654687 0.431250 0.287500 0.300000 2 0.370312 0.183333 0.325000 0.279167 2 0.685156 0.253125 0.295312 0.335417
train/images/IMG_5248_new.JPG 2 0.536036 0.591592 0.285285 0.228228 2 0.657658 0.382883 0.234234 0.315315 2 0.286787 0.354354 0.435435 0.234234 2 0.699700 0.704204 0.234234 0.279279 2 0.315315 0.623123 0.294294 0.189189
train/images/z54.jpg 2 0.348438 0.501961 0.331250 0.262745 2 0.726562 0.622549 0.546875 0.178431 2 0.248438 0.659804 0.493750 0.198039 2 0.665625 0.817157 0.481250 0.251961 2 0.606250 0.459804 0.384375 0.166667
train/images/z68.jpg 2 0.467969 0.523416 0.217188 0.247934 2 0.602344 0.464876 0.235937 0.185950 2 0.561719 0.623278 0.135937 0.161157 2 0.362500 0.723140 0.215625 0.096419
train/images/1621945418(1).jpg 0 0.507755 0.477745 0.198671 0.560831
train/images/IMG_0688.JPG 0 0.582167 0.465500 0.173333 0.326000 1 0.400333 0.457500 0.132000 0.346000 1 0.199000 0.331500 0.200000 0.324000 1 0.132667 0.518500 0.167333 0.200000 1 0.280667 0.754000 0.176667 0.193000 1 0.437333 0.773000 0.155333 0.187000 1 0.670667 0.626500 0.167333 0.146000
train/images/IMG_0677.JPG 0 0.507000 0.406875 0.168000 0.451250 1 0.286000 0.517000 0.284667 0.263000 1 0.624667 0.437000 0.236667 0.311000 1 0.520000 0.750000 0.131333 0.237000 1 0.603667 0.716500 0.113333 0.150000 1 0.872333 0.596000 0.236000 0.235000
train/images/I49.jpg 1 0.451109 0.494288 0.825605 0.448253
train/images/I48.jpg 1 0.530074 0.491935 0.562164 0.909274
train/images/IMG_5267_new.JPG 0 0.524024 0.457958 0.729730 0.459459 0 0.530030 0.222222 0.591592 0.324324
train/images/I60.jpg 1 0.567372 0.550067 0.534610 0.784946
train/images/IMG_0689.JPG 0 0.566667 0.330000 0.100667 0.157000 0 0.368917 0.637375 0.109167 0.121750 1 0.385000 0.441000 0.105333 0.129000 1 0.463667 0.478000 0.066667 0.129000 1 0.421000 0.232500 0.069333 0.190000 1 0.466333 0.286500 0.066667 0.136000 1 0.479000 0.376500 0.072000 0.100000 1 0.283667 0.508500 0.085333 0.172000 1 0.221000 0.618500 0.148000 0.114000 1 0.282000 0.762000 0.126000 0.079000 1 0.492333 0.721000 0.113333 0.111000 0 0.642667 0.620000 0.052667 0.107000 1 0.713333 0.686000 0.128667 0.081000 1 0.575333 0.598500 0.064667 0.098000 1 0.620333 0.838500 0.104000 0.090000 1 0.541000 0.906000 0.114667 0.159000 1 0.560667 0.483000 0.092667 0.085000
train/images/B37.jpg 1 0.414062 0.532552 0.701389 0.934896
train/images/z69.jpg 2 0.285530 0.618750 0.483204 0.762500 2 0.775194 0.615000 0.449612 0.705000
train/images/z55.jpg 2 0.216745 0.477956 0.430360 0.140281 2 0.546166 0.284068 0.319249 0.257515 2 0.730047 0.508517 0.417840 0.161323 2 0.288732 0.615230 0.386541 0.140281 2 0.622848 0.684369 0.397496 0.278557 2 0.322379 0.745992 0.250391 0.177355 2 0.351330 0.751002 0.001565 0.001002
train/images/z41.jpg 2 0.560937 0.351042 0.215625 0.318750 2 0.421875 0.239583 0.153125 0.408333 2 0.290625 0.221875 0.303125 0.393750 2 0.254688 0.455208 0.431250 0.231250 2 0.400781 0.684375 0.257812 0.272917 2 0.589844 0.806250 0.245312 0.270833 2 0.854688 0.687500 0.240625 0.179167 2 0.777344 0.381250 0.192188 0.462500 2 0.578125 0.625000 0.243750 0.145833
train/images/z82.jpg 2 0.340000 0.456250 0.466667 0.657500
train/images/IMG_0716.JPG 0 0.521333 0.471750 0.108667 0.169000 0 0.463417 0.394500 0.100833 0.252500 1 0.633250 0.429625 0.145167 0.220250 1 0.366167 0.470000 0.181000 0.108500 1 0.655833 0.570000 0.165000 0.108500 1 0.726083 0.261000 0.086500 0.200000 1 0.522500 0.258000 0.141333 0.125000 1 0.833250 0.349875 0.124500 0.120250 1 0.589167 0.762375 0.073000 0.176250 1 0.370917 0.472375 0.163500 0.110750 1 0.328917 0.219375 0.058833 0.107250 1 0.865750 0.465875 0.165833 0.097750 1 0.503500 0.691500 0.125333 0.127500 1 0.457083 0.624750 0.124500 0.132000 1 0.260667 0.353375 0.058667 0.158250 1 0.779667 0.487875 0.087333 0.141750
train/images/DSC_6753.JPG 0 0.622257 0.417455 0.139794 0.341384
train/images/IMG_0702.JPG 1 0.523333 0.397500 0.124667 0.198000 0 0.548000 0.589500 0.171333 0.146000 1 0.414333 0.546000 0.118667 0.153000 1 0.340000 0.727500 0.120667 0.184000 1 0.498000 0.890000 0.192667 0.139000 1 0.200000 0.266500 0.140667 0.348000 1 0.324000 0.188500 0.192667 0.206000 1 0.805333 0.178500 0.319333 0.304000 1 0.301333 0.532000 0.112667 0.165000 1 0.282000 0.918500 0.170000 0.126000
train/images/DSC_6747.JPG 0 0.588348 0.464641 0.145445 0.336155
train/images/IMG_4469_new.JPG 0 0.606607 0.487952 0.696697 0.534137 0 0.519520 0.128514 0.240240 0.248996
train/images/112.jpg 0 0.346561 0.379134 0.347884 0.214616 0 0.388062 0.771495 0.272817 0.313492 0 0.534888 0.118552 0.265542 0.230489
train/images/A41.jpg 1 0.473958 0.715278 0.713542 0.314236 1 0.161603 0.341580 0.322049 0.265336
train/images/IMG_5205_new.JPG 2 0.471471 0.531532 0.696697 0.522523
train/images/39.jpg 0 0.630000 0.246835 0.320000 0.458228 0 0.551250 0.591139 0.337500 0.286076 0 0.675000 0.854430 0.345000 0.291139
train/images/IMG_5223_new.JPG 2 0.468468 0.539039 0.888889 0.585586
train/images/11.jpg 0 0.535156 0.447656 0.157812 0.151562
train/images/IMG_0728.JPG 2 0.521417 0.618250 0.186500 0.195500 2 0.605083 0.709250 0.096833 0.303500 2 0.797917 0.501500 0.247500 0.150000 2 0.781250 0.712250 0.096833 0.231000 2 0.685250 0.412875 0.142833 0.227250 2 0.694750 0.296250 0.134833 0.163000
train/images/IMG_5155_new.JPG 2 0.563063 0.478979 0.807808 0.453453 2 0.144144 0.696697 0.276276 0.372372
train/images/110.jpg 0 0.480159 0.639716 0.330688 0.625331
train/images/DSC_6751.JPG 0 0.548454 0.436130 0.119847 0.231325
train/images/IMG_4372_new.JPG 0 0.572072 0.491968 0.549550 0.582329
train/images/IMG_0714.JPG 1 0.677000 0.356500 0.220000 0.266000 0 0.377000 0.321000 0.162667 0.379000 0 0.516667 0.424500 0.115333 0.210000 1 0.641333 0.813500 0.142000 0.254000 1 0.391000 0.661000 0.076000 0.163000 1 0.705000 0.577500 0.237333 0.144000 1 0.216667 0.458000 0.254000 0.159000
train/images/138.jpg 0 0.662202 0.735450 0.281415 0.435847 0 0.262897 0.380787 0.457011 0.263558 0 0.753307 0.369709 0.373677 0.233466
train/images/IMG_4362_new.JPG 0 0.480480 0.600402 0.582583 0.767068
train/images/DSC_6745.JPG 0 0.489943 0.592380 0.153757 0.408865
train/images/IMG_0700.JPG 0 0.439667 0.545000 0.174667 0.225000 1 0.625667 0.390000 0.209333 0.195000 1 0.386667 0.335000 0.282000 0.205000 1 0.533667 0.708000 0.136000 0.273000 1 0.295333 0.625500 0.147333 0.164000 1 0.684667 0.646000 0.191333 0.253000
train/images/z80.jpg 2 0.693878 0.687129 0.461538 0.142574 2 0.193878 0.593564 0.372057 0.173267 2 0.180534 0.721782 0.357928 0.180198 2 0.308477 0.873267 0.296703 0.253465 2 0.724490 0.561386 0.469388 0.132673
train/images/z43.jpg 2 0.483594 0.767287 0.510938 0.465426 2 0.489063 0.360372 0.409375 0.250000 2 0.860938 0.507314 0.278125 0.285904
train/images/B35.jpg 1 0.451534 0.586950 0.892072 0.826100
train/images/IMG_20210421_144658.jpg 0 0.641459 0.377762 0.189457 0.138122 0 0.581722 0.610066 0.441529 0.251899 0 0.204650 0.294285 0.302026 0.438709 0 0.094038 0.681716 0.187615 0.185946 0 0.438881 0.368957 0.218002 0.139157 0 0.667127 0.349102 0.338398 0.241713 0 0.709830 0.547134 0.215239 0.126036
train/images/IMG_5251_new.JPG 2 0.483483 0.355856 0.342342 0.381381 2 0.327327 0.641141 0.534535 0.357357 2 0.695195 0.660661 0.333333 0.348348
train/images/IMG_0674.JPG 0 0.498917 0.411375 0.113167 0.306250 1 0.325333 0.477000 0.222000 0.133000 1 0.603667 0.222000 0.096000 0.213000 1 0.683667 0.514500 0.124000 0.148000 1 0.352000 0.219500 0.135333 0.190000 1 0.217667 0.217500 0.144000 0.182000
train/images/IMG_0675.JPG 0 0.553000 0.472875 0.072000 0.165250 1 0.478000 0.541500 0.128667 0.070000 1 0.533667 0.628000 0.070667 0.121000 1 0.618000 0.488500 0.070000 0.068000 1 0.581000 0.342500 0.061333 0.132000 1 0.673000 0.253000 0.081333 0.113000 1 0.512333 0.249000 0.081333 0.057000 1 0.491000 0.216000 0.046667 0.105000 1 0.418667 0.263500 0.102000 0.108000
train/images/z42.jpg 1 0.449219 0.574928 0.414062 0.501441 1 0.856250 0.805476 0.256250 0.210375
train/images/z56.jpg 2 0.417582 0.390177 0.263736 0.341064 2 0.602041 0.644611 0.299843 0.252387 2 0.360283 0.753752 0.243328 0.317872 2 0.200157 0.594816 0.397174 0.253752 2 0.682889 0.277626 0.282575 0.140518 2 0.688383 0.461119 0.205651 0.201910
train/images/C40.jpg 1 0.403501 0.537760 0.732350 0.841146
train/images/z81.jpg 2 0.331000 0.417339 0.284667 0.217742 2 0.501667 0.233367 0.143333 0.412298 2 0.792333 0.716230 0.187333 0.462702 2 0.662000 0.767641 0.176000 0.402218 2 0.640667 0.940524 0.304000 0.118952 2 0.069000 0.486895 0.136667 0.245968 2 0.145000 0.463206 0.087333 0.226815 2 0.445000 0.172379 0.194000 0.332661
train/images/IMG_0701.JPG 0 0.549333 0.583500 0.294000 0.236000 1 0.492333 0.242500 0.218667 0.412000 1 0.319000 0.567000 0.192000 0.331000 1 0.664000 0.457500 0.324667 0.202000 1 0.195000 0.867750 0.269333 0.264500
train/images/IMG_0715.JPG 0 0.470000 0.421000 0.124667 0.329000 0 0.581000 0.608500 0.106667 0.140000 1 0.727333 0.552000 0.208667 0.187000 1 0.728333 0.736500 0.210667 0.172000 1 0.333000 0.547000 0.206667 0.143000 1 0.521667 0.728500 0.092000 0.248000 1 0.586667 0.460500 0.083333 0.140000 1 0.456000 0.766000 0.078000 0.195000 1 0.689333 0.110000 0.086000 0.211000 1 0.871000 0.320000 0.108000 0.177000 1 0.788667 0.290500 0.130000 0.108000 1 0.647333 0.287500 0.135333 0.116000 1 0.590667 0.162500 0.104667 0.118000 1 0.867667 0.586000 0.084000 0.197000
train/images/IMG_4386_new.JPG 0 0.542042 0.375502 0.423423 0.726908 0 0.824324 0.134538 0.351351 0.261044
train/images/DSC_6750.JPG 0 0.535987 0.483441 0.137799 0.240787 0 0.524269 0.183516 0.108710 0.132968
train/images/139.jpg 0 0.234788 0.384755 0.451058 0.269511 0 0.714782 0.441799 0.370701 0.217593 0 0.590608 0.775959 0.266534 0.430886
train/images/111.jpg 0 0.739749 0.277447 0.338624 0.377646 0 0.171131 0.264881 0.279431 0.320767 0 0.443948 0.620701 0.396495 0.439153 0 0.707176 0.626157 0.181548 0.319775
train/images/IMG_0729.JPG 2 0.651500 0.494500 0.066000 0.178500 2 0.594750 0.435500 0.107833 0.184500 2 0.337583 0.514000 0.130167 0.125000 2 0.220167 0.689625 0.122333 0.135750 2 0.368583 0.738500 0.087167 0.126000 2 0.482917 0.583125 0.115833 0.132250 2 0.700750 0.523625 0.111833 0.101250
train/images/10.jpg 0 0.500000 0.553109 0.737523 0.474093
train/images/A42.jpg 1 0.342303 0.628906 0.517940 0.742188 1 0.550347 0.313657 0.650463 0.578704
train/images/38.jpg 0 0.791250 0.200997 0.232500 0.362126 0 0.707500 0.657807 0.185000 0.299003 0 0.401250 0.700997 0.127500 0.318937 0 0.477500 0.162791 0.180000 0.318937 0 0.213750 0.242525 0.282500 0.312292 0 0.168750 0.470100 0.312500 0.209302 0 0.267500 0.523256 0.175000 0.142857 0 0.287500 0.767442 0.150000 0.259136
train/images/1621413715793.jpg 0 0.490750 0.569667 0.266000 0.126000 0 0.306250 0.455000 0.145500 0.214000
train/images/IMG_0730.JPG 2 0.694333 0.807000 0.115000 0.196500 2 0.761417 0.586000 0.104833 0.209500 2 0.503083 0.251625 0.084833 0.166750 2 0.563500 0.366625 0.045333 0.158250 2 0.436417 0.365750 0.105500 0.109500 2 0.342750 0.458250 0.073833 0.132000 2 0.418167 0.728875 0.077000 0.133250 2 0.726917 0.112875 0.119833 0.191750 2 0.597917 0.153250 0.125500 0.175000 2 0.615750 0.645625 0.127833 0.130750 2 0.692833 0.563500 0.089667 0.207000 2 0.566583 0.768750 0.121500 0.122500
train/images/IMG_0724.JPG 0 0.447583 0.474125 0.127833 0.333250 0 0.548750 0.493250 0.104833 0.297500 1 0.319000 0.590250 0.250000 0.177500 1 0.584083 0.254625 0.092833 0.241750 1 0.821667 0.282125 0.201667 0.122750
train/images/120.jpg 0 0.663194 0.295470 0.415675 0.307870 0 0.741402 0.618717 0.427910 0.326720 0 0.204200 0.529101 0.407738 0.285714 0 0.437169 0.714451 0.268519 0.377976
train/images/DSC_6749.JPG 0 0.514129 0.524900 0.132979 0.284363
train/images/IMG_0718.JPG 0 0.514167 0.483125 0.158000 0.351250 1 0.641167 0.507125 0.131000 0.239250 1 0.804667 0.540875 0.221333 0.254750 1 0.382500 0.703375 0.248333 0.129750 1 0.665833 0.806375 0.197667 0.285750 1 0.806333 0.717625 0.237333 0.141750 1 0.829667 0.211625 0.108000 0.208250 1 0.399583 0.381375 0.084167 0.216750 1 0.580917 0.241500 0.111833 0.153500 1 0.712250 0.201625 0.158833 0.104750 1 0.313833 0.458625 0.093667 0.223750
train/images/134.jpg 2 0.563657 0.563492 0.282738 0.192460 2 0.396164 0.291997 0.258598 0.156085 2 0.601190 0.361111 0.179233 0.206349 2 0.827546 0.496693 0.203373 0.211640 2 0.606647 0.811012 0.236442 0.218585 2 0.424438 0.698413 0.220569 0.167328 2 0.398975 0.836640 0.315807 0.213624 2 0.652282 0.143684 0.283399 0.230489 2 0.883267 0.735946 0.226190 0.206680
train/images/I1.jpg 1 0.485215 0.525370 0.580645 0.734207
train/images/IMG_20210421_144708.jpg 0 0.645488 0.518215 0.300645 0.124827 0 0.279121 0.500950 0.307320 0.135186 0 0.420005 0.703988 0.188076 0.234634 0 0.547882 0.439572 0.143646 0.138122 0 0.904121 0.483684 0.189457 0.185946 0 0.782228 0.649689 0.159761 0.142265
train/images/IMG_5209_new.JPG 2 0.472973 0.524024 0.873874 0.645646
train/images/IMG_4358_new.JPG 0 0.557057 0.578313 0.621622 0.674699
train/images/z73.jpg 2 0.291139 0.367500 0.297468 0.230000 2 0.520570 0.313750 0.218354 0.172500 2 0.556962 0.450000 0.284810 0.160000 2 0.675633 0.690000 0.256329 0.150000 2 0.227848 0.746250 0.335443 0.207500 2 0.534810 0.838750 0.284810 0.127500
train/images/IMG_4348_new.JPG 0 0.465465 0.526104 0.726727 0.586345
train/images/z67.jpg 2 0.428906 0.522895 0.832812 0.954210
train/images/B39.jpg 1 0.499277 0.580584 0.989873 0.699363
train/images/256.jpg 0 0.392795 0.655816 0.688368 0.688368 0 0.769242 0.190249 0.461516 0.284433
train/images/242.jpg 0 0.578848 0.559172 0.554109 0.542535 0 0.308594 0.865162 0.426794 0.269676 0 0.163484 0.667679 0.289352 0.308738 0 0.115885 0.483796 0.231192 0.428819
train/images/I52.jpg 1 0.522849 0.491767 0.531586 0.896841
train/images/IMG_20210421_145947.jpg 2 0.430824 0.340470 0.190838 0.216160 2 0.225023 0.367317 0.266805 0.182838 2 0.188421 0.534444 0.282919 0.149344 2 0.411832 0.531941 0.220534 0.140193 2 0.518186 0.817852 0.349448 0.187845 2 0.720534 0.704506 0.255985 0.182838 2 0.857965 0.812673 0.284070 0.171616 2 0.754604 0.378194 0.161142 0.100656 2 0.628453 0.288156 0.201657 0.097376 2 0.527624 0.224620 0.162523 0.086326 2 0.420005 0.222635 0.188076 0.092369 2 0.379374 0.270891 0.139503 0.064917 2 0.941183 0.255093 0.117634 0.145200 2 0.931054 0.420753 0.137891 0.137086 2 0.652164 0.516747 0.159761 0.103591
train/images/I46.jpg 1 0.486223 0.476647 0.928763 0.522513
train/images/IMG_0679.JPG 0 0.486667 0.534000 0.220667 0.433000 1 0.700000 0.525000 0.246000 0.245000 1 0.328667 0.230500 0.302000 0.220000 1 0.306667 0.755500 0.412667 0.284000 1 0.655667 0.857250 0.229333 0.285500 1 0.227000 0.478000 0.197333 0.347000
train/images/IMG_0692.JPG 0 0.609167 0.342500 0.126000 0.230000 0 0.437167 0.882000 0.218000 0.129000 1 0.513667 0.596500 0.120000 0.202000 1 0.479667 0.350000 0.078667 0.193000 1 0.309000 0.232500 0.137333 0.228000 1 0.387000 0.458000 0.105333 0.177000 1 0.278667 0.385500 0.128667 0.140000 1 0.295333 0.822000 0.115333 0.159000 1 0.087667 0.114000 0.172000 0.149000
train/images/243.jpg 0 0.545718 0.691406 0.715278 0.528067 0 0.354601 0.287326 0.380498 0.327546
train/images/1_20001.jpg 0 0.513393 0.424107 0.910714 0.651786
train/images/B38.jpg 1 0.386574 0.541088 0.686343 0.917824
train/images/IMG_20210421_144641.jpg 0 0.269222 0.579593 0.194982 0.178867 0 0.654121 0.656768 0.180249 0.136050 0 0.594613 0.839606 0.163904 0.172652 0 0.850599 0.750259 0.237109 0.117921 0 0.822169 0.874655 0.239641 0.187845 0 0.522099 0.501036 0.138122 0.102555 0 0.663099 0.462880 0.154466 0.087362 0 0.712477 0.359720 0.155617 0.149344 0 0.822169 0.424292 0.223527 0.075104 0 0.577003 0.356267 0.153085 0.075104 0 0.518071 0.267352 0.151703 0.137258 0 0.420005 0.253108 0.144797 0.098412 0 0.463283 0.177400 0.171961 0.093405 0 0.583909 0.198291 0.171961 0.096512 0 0.404351 0.385618 0.097376 0.093405 0 0.514157 0.658322 0.148941 0.088398 0 0.262201 0.767524 0.129834 0.154523 0 0.402279 0.775207 0.147560 0.157459 0 0.609576 0.113519 0.115101 0.109634
train/images/z66.jpg 2 0.361719 0.773537 0.182812 0.340967 2 0.868750 0.792621 0.190625 0.394402 2 0.648438 0.623410 0.109375 0.290076 2 0.460938 0.577608 0.153125 0.249364
train/images/z72.jpg 2 0.317610 0.662500 0.245283 0.265000 2 0.542453 0.675000 0.210692 0.300000
train/images/IMG_20210421_144721.jpg 0 0.417242 0.391229 0.199125 0.224448 0 0.551335 0.544026 0.185543 0.091506 0 0.407804 0.587276 0.177486 0.106526 0 0.311694 0.620252 0.212707 0.130007 0 0.597376 0.682148 0.261510 0.138122
train/images/IMG_5395_new.JPG 0 0.489489 0.509009 0.792793 0.429429
train/images/IMG_0719.JPG 0 0.521750 0.508125 0.253833 0.153750 1 0.417000 0.323500 0.111000 0.256000 1 0.256667 0.342625 0.236667 0.339250 1 0.362583 0.720625 0.099167 0.390250 1 0.651917 0.838500 0.107833 0.321500 1 0.149500 0.539750 0.100000 0.109500 1 0.063417 0.584375 0.107167 0.191750 1 0.068917 0.287250 0.059500 0.288000 1 0.032083 0.353375 0.061833 0.277250
train/images/1621413715779.jpg 0 0.349250 0.371312 0.194500 0.164625 0 0.491667 0.519687 0.376333 0.178125
train/images/121.jpg 0 0.393519 0.436673 0.235450 0.259590 0 0.695271 0.529431 0.317791 0.198413 0 0.431548 0.687335 0.163360 0.233796 0 0.522817 0.612599 0.223545 0.176257 0 0.233300 0.527116 0.249669 0.167328
train/images/DSC_6748.JPG 0 0.581366 0.441360 0.112201 0.275149
train/images/109.jpg 0 0.635086 0.421296 0.281415 0.218254 0 0.532738 0.712963 0.171296 0.320767 0 0.452712 0.454365 0.173280 0.208333 0 0.403604 0.166336 0.167659 0.297619
train/images/IMG_0731.JPG 2 0.595917 0.473625 0.181833 0.227250 2 0.410250 0.517000 0.172167 0.212000 2 0.524917 0.692125 0.161833 0.204750
train/images/IMG_5262_new.JPG 2 0.472973 0.551051 0.837838 0.609610
train/images/IMG_0733.JPG 2 0.685583 0.521250 0.127833 0.165500 2 0.802750 0.615750 0.115833 0.150000 2 0.558333 0.523125 0.082667 0.123750 2 0.490333 0.562375 0.129333 0.095250 2 0.524917 0.700375 0.104833 0.190250
train/images/IMG_5272_new.JPG 2 0.500000 0.460961 0.147147 0.177177 2 0.711712 0.537538 0.282282 0.168168 2 0.753754 0.322823 0.378378 0.351351 2 0.436937 0.346847 0.261261 0.261261 2 0.393393 0.690691 0.372372 0.456456 2 0.741742 0.702703 0.342342 0.318318 2 0.283784 0.545045 0.447447 0.273273 2 0.234234 0.363363 0.372372 0.240240 2 0.475976 0.196697 0.291291 0.303303 2 0.189189 0.747748 0.258258 0.240240
train/images/I2.jpg 1 0.553427 0.513273 0.794355 0.461358
train/images/123.jpg 0 0.285384 0.477844 0.159392 0.227513 0 0.387070 0.697421 0.210648 0.223545 0 0.856481 0.320106 0.179233 0.284392 0 0.682705 0.482970 0.368717 0.123347 0 0.633102 0.755456 0.307870 0.143188 0 0.355489 0.220899 0.195106 0.194444 0 0.076885 0.498347 0.153108 0.134259 0 0.693618 0.667824 0.246362 0.190146 0 0.249669 0.760913 0.326720 0.136243
train/images/z58.jpg 2 0.393750 0.493490 0.171875 0.273438 2 0.596094 0.513021 0.151562 0.197917 2 0.735156 0.360677 0.129688 0.335938 2 0.765625 0.601562 0.125000 0.192708 2 0.401562 0.809896 0.137500 0.333333 2 0.568750 0.700521 0.131250 0.307292 2 0.764062 0.770833 0.162500 0.322917 2 0.544531 0.141927 0.145313 0.278646 2 0.456250 0.261719 0.134375 0.273438 2 0.643750 0.151042 0.162500 0.239583 2 0.799219 0.203125 0.179688 0.302083 2 0.895312 0.550781 0.209375 0.231771
train/images/z64.jpg 2 0.326562 0.548760 0.346875 0.697521 2 0.635156 0.661983 0.270313 0.600000 2 0.873437 0.661157 0.253125 0.561983 2 0.685937 0.211570 0.534375 0.241322 2 0.084375 0.539669 0.165625 0.669421
train/images/z70.jpg 2 0.463333 0.495000 0.440000 0.550000
train/images/255.jpg 2 0.395110 0.416522 0.539641 0.812211
train/images/IMG_0690.JPG 0 0.543917 0.742000 0.207167 0.131000 0 0.594167 0.181375 0.093333 0.250250 1 0.563333 0.419000 0.166000 0.133000 1 0.507333 0.211000 0.078000 0.199000 1 0.441667 0.202000 0.149333 0.103000 1 0.286333 0.144500 0.149333 0.222000 1 0.275667 0.316000 0.110667 0.167000 1 0.408333 0.338500 0.125333 0.106000 1 0.438333 0.656000 0.082667 0.161000 1 0.350667 0.714500 0.115333 0.214000 1 0.695000 0.823000 0.149333 0.091000 1 0.389000 0.921500 0.109333 0.118000 1 0.206000 0.280000 0.074000 0.135000 1 0.138000 0.302000 0.106000 0.139000
train/images/IMG_0684.JPG 0 0.639667 0.673000 0.125333 0.247000 1 0.599000 0.418500 0.098667 0.114000 1 0.473000 0.507000 0.196000 0.133000 1 0.461333 0.648500 0.180667 0.192000 1 0.545333 0.723000 0.068667 0.233000 1 0.703000 0.494500 0.138667 0.098000 1 0.688000 0.348000 0.116667 0.117000 1 0.565333 0.281000 0.139333 0.171000 1 0.389667 0.336500 0.166667 0.116000 1 0.488667 0.284500 0.112667 0.158000 1 0.398000 0.476000 0.156667 0.163000 1 0.840333 0.434500 0.086667 0.158000 1 0.739000 0.587500 0.100000 0.136000
train/images/IMG_5210_new.JPG 2 0.570571 0.612613 0.858859 0.672673
train/images/IMG_5166_new.JPG 2 0.460961 0.539039 0.879880 0.585586
train/images/IMG_4351_new.JPG 0 0.536036 0.538153 0.645646 0.506024 0 0.171171 0.184739 0.210210 0.361446
train/images/IMG_20210421_145950.jpg 2 0.279121 0.377503 0.261280 0.211153 2 0.503223 0.385618 0.295120 0.253971 2 0.206607 0.648740 0.354742 0.263985 2 0.550645 0.558270 0.300645 0.146236 2 0.647560 0.741626 0.320902 0.305767 2 0.369820 0.791436 0.331722 0.187845 2 0.726059 0.312586 0.226059 0.162465 2 0.852555 0.495856 0.151703 0.202003 2 0.893186 0.259755 0.213628 0.261913 2 0.681285 0.165746 0.236878 0.116713 2 0.441529 0.081837 0.277624 0.121892 2 0.852555 0.734548 0.294890 0.228419
train/images/I51.jpg 1 0.537970 0.553931 0.924059 0.585685
train/images/IMG_0691.JPG 0 0.498667 0.409250 0.150000 0.360000 1 0.359333 0.431500 0.110000 0.338000 1 0.267667 0.425500 0.209333 0.192000 1 0.421667 0.797000 0.241333 0.205000 1 0.205333 0.653000 0.163333 0.177000 1 0.271000 0.844000 0.110667 0.189000
train/images/240.jpg 2 0.396991 0.555556 0.793403 0.888889
train/images/IMG_20210421_144656.jpg 0 0.515999 0.388294 0.201888 0.244820 0 0.518186 0.616713 0.251842 0.157459 0 0.205226 0.555162 0.409991 0.148308 0 0.333909 0.388726 0.238260 0.146236 0 0.288674 0.198291 0.201657 0.135186 0 0.150437 0.082528 0.174724 0.114641 0 0.685428 0.507510 0.258517 0.134151 0 0.414480 0.687327 0.171961 0.211326 0 0.882482 0.792904 0.222145 0.140021 0 0.583103 0.098239 0.281768 0.190953 0 0.328499 0.055421 0.146409 0.110497 0 0.091045 0.410653 0.174724 0.128971 0 0.130180 0.269855 0.155847 0.158494
train/images/z65.jpg 2 0.417969 0.240248 0.339062 0.427305 2 0.744531 0.585106 0.235937 0.212766 2 0.387500 0.806738 0.325000 0.386525
train/images/z59.jpg 2 0.499219 0.529015 0.229687 0.183536 2 0.459375 0.318489 0.246875 0.229420 2 0.505469 0.107962 0.232813 0.205128 2 0.282813 0.578273 0.175000 0.225371 2 0.514844 0.686910 0.217188 0.259109
train/images/136.jpg 0 0.466270 0.614253 0.254630 0.454034 0 0.335979 0.316964 0.194444 0.162368 0 0.370536 0.183366 0.157077 0.195437 0 0.540344 0.117560 0.128307 0.160384
train/images/IMG_0732.JPG 2 0.609417 0.476500 0.118167 0.078500 2 0.479667 0.418750 0.100000 0.103500 2 0.484000 0.488500 0.091333 0.088000 2 0.547083 0.329625 0.042833 0.141750 2 0.332417 0.526625 0.107167 0.104750 2 0.461417 0.879500 0.107833 0.215500 2 0.783250 0.873000 0.075500 0.169000 2 0.836417 0.914125 0.070500 0.129750 2 0.747083 0.735500 0.084167 0.094000 2 0.832417 0.683625 0.059500 0.123750 2 0.874500 0.698000 0.072333 0.107000
train/images/IMG_0726.JPG 2 0.366167 0.698000 0.131667 0.238000 2 0.384417 0.373000 0.076167 0.221500 2 0.201583 0.643125 0.119833 0.145250 2 0.600333 0.403375 0.112667 0.196250
train/images/1621413715785.jpg 0 0.602083 0.397313 0.188833 0.158375 0 0.653500 0.507750 0.333333 0.218750
train/images/37.jpg 0 0.363216 0.525862 0.341959 0.283251 0 0.503697 0.317734 0.208872 0.389163 0 0.721811 0.413793 0.275416 0.334975 0 0.761553 0.628079 0.203327 0.246305 0 0.491682 0.770936 0.221811 0.182266
train/images/I7.jpg 1 0.489415 0.580477 0.926411 0.530578
train/images/126.jpg 0 0.734292 0.313492 0.205357 0.165344
train/images/DSC_6767.JPG 0 0.568235 0.479208 0.102560 0.240787
train/images/IMG_0722.JPG 0 0.383667 0.388375 0.189000 0.414250 0 0.528500 0.539125 0.143667 0.217750 1 0.726500 0.435500 0.254000 0.368000 1 0.221417 0.570625 0.280167 0.135750 1 0.399167 0.815875 0.089667 0.269250 1 0.761833 0.690250 0.308667 0.172500 1 0.652667 0.891500 0.141333 0.215500 1 0.910167 0.323625 0.156333 0.108250 1 0.880083 0.455750 0.151500 0.225000
train/images/IMG_0736.JPG 2 0.571750 0.443125 0.123833 0.285750 2 0.455417 0.533125 0.126167 0.165250 2 0.510667 0.633125 0.106333 0.132250 2 0.596000 0.624875 0.131000 0.139250
train/images/z61.jpg 2 0.523438 0.452083 0.096875 0.225000 2 0.674219 0.460417 0.082812 0.241667 2 0.757031 0.427083 0.085938 0.175000 2 0.725000 0.589583 0.150000 0.183333 2 0.580469 0.604167 0.073438 0.158333 2 0.360156 0.462500 0.129688 0.204167 2 0.439063 0.320833 0.128125 0.179167 2 0.330469 0.267708 0.104688 0.239583 2 0.184375 0.253125 0.171875 0.189583 2 0.192188 0.412500 0.162500 0.170833 2 0.569531 0.219792 0.089063 0.214583 2 0.435156 0.166667 0.082812 0.137500
train/images/z75.jpg 2 0.421094 0.504975 0.839063 0.962687
train/images/z49.jpg 2 0.722135 0.691584 0.499215 0.149505 2 0.736264 0.563861 0.502355 0.145545 2 0.235479 0.603960 0.467818 0.223762 2 0.316327 0.874257 0.315542 0.251485 2 0.167975 0.718317 0.332810 0.155446
train/images/IMG_5211_new.JPG 2 0.512012 0.515015 0.831832 0.465465
train/images/244.jpg 0 0.538050 0.687934 0.524016 0.624132 0 0.360822 0.321904 0.409144 0.214988 0 0.250723 0.376302 0.495081 0.201678
train/images/IMG_5167_new.JPG 2 0.515015 0.551051 0.789790 0.579580
train/images/IMG_0681.JPG 0 0.570667 0.401500 0.203333 0.382000 1 0.410667 0.172500 0.151333 0.224000 1 0.624333 0.193500 0.205333 0.344000 1 0.779667 0.237500 0.129333 0.400000 1 0.289333 0.224500 0.336667 0.282000
train/images/I40.jpg 1 0.440356 0.487231 0.724798 0.397177
train/images/I54.jpg 1 0.563676 0.479503 0.492944 0.756720
train/images/IMG_20210421_145955.jpg 2 0.361073 0.441039 0.170580 0.149344 2 0.556054 0.448636 0.181630 0.132079 2 0.421386 0.562845 0.242403 0.135014 2 0.610267 0.576571 0.168048 0.123791 2 0.522215 0.654782 0.192219 0.142093 2 0.658379 0.069492 0.158379 0.110670 2 0.705686 0.193198 0.177486 0.132942 2 0.099793 0.586240 0.148941 0.133115 2 0.202578 0.522272 0.227440 0.102555 2 0.196593 0.697945 0.155617 0.122756 2 0.202578 0.589347 0.140884 0.092369
train/images/I55.jpg 1 0.441364 0.444052 0.718750 0.402218
train/images/I41.jpg 1 0.407258 0.494288 0.553091 0.649866
train/images/251.jpg 2 0.600550 0.737703 0.798900 0.524595
train/images/245.jpg 0 0.386574 0.720341 0.758681 0.528067 0 0.858652 0.577691 0.282697 0.629340
train/images/z74.jpg 2 0.541406 0.491794 0.495312 0.725674
train/images/z60.jpg 2 0.313281 0.527550 0.292187 0.211020 2 0.107813 0.391559 0.212500 0.241501 2 0.605469 0.322392 0.551562 0.187573
train/images/IMG_20210421_150034.jpg 2 0.574931 0.407459 0.194982 0.116713 2 0.728016 0.297307 0.354742 0.131906 2 0.390884 0.281595 0.203039 0.139157 2 0.352901 0.401416 0.214088 0.120856 2 0.281192 0.597894 0.333103 0.219268 2 0.529581 0.581664 0.147560 0.170580 2 0.713168 0.454075 0.417127 0.137086 2 0.135589 0.282459 0.270718 0.137086 2 0.252762 0.401416 0.281768 0.169544
train/images/IMG_0737.JPG 2 0.463833 0.325375 0.139667 0.226250 2 0.591250 0.399250 0.165833 0.140500 2 0.512250 0.562250 0.111167 0.202500 2 0.648333 0.274250 0.108667 0.188000 2 0.262250 0.263375 0.111167 0.195250
train/images/127.jpg 0 0.323413 0.350033 0.341931 0.176257
train/images/IMG_5158_new.JPG 2 0.533033 0.478979 0.783784 0.393393
train/images/32.jpg 0 0.121044 0.467123 0.166139 0.742466 0 0.299842 0.505479 0.153481 0.632877 0 0.468354 0.479452 0.174051 0.717808 0 0.637658 0.473973 0.145570 0.580822 0 0.780063 0.493151 0.139241 0.547945 0 0.926424 0.473973 0.121835 0.476712
train/images/IMG_5346_new.JPG 2 0.545045 0.472973 0.801802 0.495495
train/images/IMG_20210421_145149.jpg 0 0.484346 0.505007 0.362799 0.256906 0 0.820787 0.572600 0.199125 0.320960 0 0.839664 0.140970 0.320672 0.111706
train/images/IMG_5208_new.JPG 2 0.477477 0.513514 0.852853 0.594595
train/images/IMG_5218_new.JPG 2 0.549550 0.540541 0.870871 0.612613
train/images/IMG_0709.JPG 0 0.506000 0.563000 0.118000 0.117000 1 0.661000 0.556000 0.192000 0.121000 0 0.575333 0.426500 0.106000 0.092000 1 0.642333 0.287500 0.168000 0.236000 1 0.408667 0.507500 0.070000 0.214000 1 0.377667 0.788000 0.120000 0.309000 1 0.768000 0.762000 0.207333 0.161000 1 0.811000 0.266500 0.136000 0.342000 1 0.248000 0.278500 0.208667 0.116000 1 0.488667 0.417000 0.063333 0.157000 1 0.528667 0.721500 0.064667 0.230000 1 0.301000 0.376000 0.118667 0.239000 1 0.438667 0.299000 0.036667 0.159000
train/images/I4.jpg 1 0.565020 0.500168 0.556788 0.908266
train/images/131.jpg 0 0.503803 0.246528 0.209325 0.261574 0 0.236772 0.522487 0.392857 0.234788 0 0.400628 0.617560 0.253638 0.302579 0 0.682209 0.456349 0.359788 0.250661
train/images/IMG_4359_new.JPG 0 0.524024 0.455823 0.795796 0.775100 0 0.768769 0.891566 0.462462 0.216867
train/images/DSC_6758.JPG 0 0.527344 0.404507 0.184342 0.421066
train/images/IMG_0735.JPG 2 0.511000 0.534250 0.123000 0.153500 2 0.428917 0.503375 0.082500 0.210750 2 0.302250 0.127250 0.119833 0.234500 2 0.200667 0.217000 0.156333 0.190500 2 0.622583 0.548000 0.109500 0.159500 2 0.453083 0.724750 0.102500 0.208500 2 0.630917 0.674125 0.119833 0.133250
train/images/119.jpg 0 0.539352 0.224372 0.256614 0.442130 0 0.456680 0.590608 0.271825 0.256614 0 0.701224 0.651290 0.287368 0.307870 0 0.227348 0.582507 0.329696 0.326389 0 0.455192 0.797619 0.254299 0.245370 0 0.645668 0.413194 0.168320 0.172288
train/images/DSC_6764.JPG 0 0.601812 0.511454 0.160073 0.359064
train/images/z76.jpg 2 0.294667 0.514459 0.169333 0.153918 2 0.479667 0.489272 0.143333 0.142724 2 0.709000 0.425840 0.082000 0.168843 2 0.129000 0.694496 0.124667 0.166978 2 0.712333 0.803638 0.114000 0.138993 2 0.892000 0.681903 0.093333 0.128731 2 0.561333 0.312500 0.146667 0.167910
train/images/z62.jpg 2 0.471609 0.343096 0.126183 0.129707 2 0.597003 0.322176 0.162461 0.121339 2 0.711356 0.289749 0.141956 0.094142 2 0.402208 0.224895 0.223975 0.119247 2 0.486593 0.148536 0.130915 0.200837 2 0.104101 0.284519 0.205047 0.117155 2 0.448738 0.464435 0.111987 0.129707 2 0.570978 0.445607 0.135647 0.100418 2 0.249211 0.587866 0.123028 0.175732 2 0.682965 0.387029 0.126183 0.108787
train/images/253.jpg 0 0.509983 0.509549 0.643808 0.980903
train/images/1_20011.jpg 0 0.450893 0.484375 0.776786 0.602679
train/images/247.jpg 0 0.423756 0.699219 0.508391 0.601562
train/images/IMG_0682.JPG 0 0.513000 0.532375 0.156000 0.312250 1 0.565667 0.354500 0.157333 0.280000 1 0.691667 0.378000 0.086667 0.325000 1 0.724000 0.267000 0.139333 0.277000 1 0.837000 0.402000 0.152000 0.245000 1 0.294000 0.418500 0.255333 0.234000 1 0.390667 0.373500 0.116667 0.194000 1 0.303333 0.224000 0.171333 0.151000 1 0.511000 0.208000 0.162667 0.235000 1 0.765667 0.175500 0.309333 0.280000
train/images/IMG_0696.JPG 1 0.802333 0.357000 0.276000 0.279000 0 0.421667 0.552500 0.141333 0.292000 1 0.628667 0.733250 0.174000 0.533500 1 0.853667 0.839000 0.173333 0.273000
train/images/I57.jpg 1 0.478999 0.517977 0.761761 0.429772
train/images/IMG_0669.JPG 0 0.263917 0.399000 0.176833 0.417000 0 0.323917 0.074500 0.255167 0.104000 1 0.487000 0.466000 0.248000 0.219000 1 0.486667 0.671500 0.279333 0.192000 1 0.261000 0.655000 0.138667 0.227000 1 0.088750 0.784500 0.177167 0.128000 1 0.437667 0.199500 0.316000 0.188000 1 0.229667 0.803500 0.108000 0.120000
train/images/IMG_0668.JPG 0 0.530917 0.510000 0.150833 0.415000 0 0.772167 0.196500 0.200000 0.066000 1 0.707667 0.692500 0.225333 0.142000 1 0.650000 0.524000 0.099333 0.205000 1 0.523333 0.756000 0.132667 0.237000 1 0.394667 0.553000 0.055333 0.251000 1 0.347000 0.474500 0.117333 0.176000
train/images/I56.jpg 1 0.535114 0.511761 0.590390 0.808468
train/images/IMG_0697.JPG 1 0.373667 0.802500 0.174667 0.342000 0 0.485333 0.483500 0.180667 0.152000 1 0.080667 0.245500 0.156667 0.194000
train/images/246.jpg 0 0.435185 0.688368 0.609954 0.583912 0 0.100839 0.798900 0.199363 0.402199
train/images/IMG_20210421_145228.jpg 0 0.543163 0.474534 0.361188 0.559910 0 0.715009 0.165919 0.356814 0.305249 0 0.740792 0.232131 0.251842 0.220131
train/images/IMG_20210421_144650.jpg 0 0.595419 0.382165 0.197744 0.161430 0 0.329420 0.170839 0.212707 0.112742 0 0.778200 0.198291 0.151703 0.153488 0 0.460405 0.523826 0.204420 0.193025 0 0.762546 0.726433 0.315608 0.161430 0 0.340239 0.667559 0.366943 0.131043 0 0.396869 0.781768 0.250460 0.170580 0 0.619705 0.598412 0.154236 0.173688 0 0.624424 0.239468 0.212477 0.131906 0 0.420005 0.302831 0.120396 0.143301
train/images/z63.jpg 2 0.526563 0.520107 0.687500 0.335121 2 0.347656 0.390751 0.692187 0.387399 2 0.346094 0.853887 0.492188 0.292225
train/images/IMG_5255_new.JPG 0 0.427928 0.536036 0.663664 0.477477 0 0.872372 0.295796 0.255255 0.405405
train/images/z77.jpg 2 0.516406 0.461313 0.617188 0.711606
train/images/DSC_6765.JPG 0 0.622922 0.378113 0.106549 0.245767
train/images/118.jpg 0 0.422123 0.242394 0.250331 0.414021 0 0.248843 0.341270 0.250331 0.264550 0 0.206680 0.619709 0.300926 0.254630 0 0.441303 0.629630 0.234458 0.342593 0 0.653604 0.632275 0.282738 0.299603 0 0.708664 0.481316 0.262566 0.178241
train/images/130.jpg 0 0.712136 0.706349 0.195437 0.175265
train/images/124.jpg 0 0.278274 0.405754 0.197421 0.221561 0 0.412533 0.495040 0.199405 0.159392 0 0.184689 0.666832 0.228505 0.230489 0 0.670139 0.728009 0.103505 0.222553 0 0.803902 0.563492 0.204365 0.128307 0 0.767857 0.335813 0.250661 0.170304 0 0.613922 0.263393 0.137235 0.219246 0 0.541005 0.382771 0.229497 0.127315 0 0.815311 0.404431 0.183532 0.060185 0 0.580522 0.597057 0.146495 0.211310 0 0.683697 0.493882 0.092262 0.127315 0 0.473380 0.285384 0.166336 0.223545
train/images/31.jpg 0 0.083640 0.432039 0.156250 0.521036 0 0.257353 0.414239 0.187500 0.692557 0 0.482537 0.419094 0.262868 0.669903 0 0.721507 0.385113 0.178309 0.666667 0 0.910846 0.443366 0.167279 0.595469
train/images/25.jpg 0 0.382812 0.358333 0.309375 0.645833
train/images/A9.jpg 1 0.554688 0.574653 0.557870 0.300347 1 0.229022 0.314670 0.273438 0.548900
train/images/IMG_20210421_145105.jpg 0 0.575046 0.643646 0.696133 0.465124 0 0.478821 0.256129 0.620166 0.181802
train/images/A38.jpg 1 0.461516 0.732639 0.842014 0.534722 1 0.505353 0.309751 0.357350 0.349248 1 0.196181 0.321181 0.347222 0.557870
train/images/IMG_20210421_145139.jpg 0 0.440378 0.583650 0.618785 0.422479
train/images/IMG_4352_new.JPG 0 0.599099 0.556225 0.531532 0.493976 0 0.252252 0.791165 0.156156 0.417671
train/images/DSC_6716.JPG 0 0.536902 0.429781 0.085106 0.181275 0 0.471410 0.610558 0.128324 0.242032 0 0.383311 0.739542 0.142287 0.270916 0 0.398271 0.380478 0.173537 0.210159 0 0.495678 0.293327 0.119681 0.129482 0 0.563830 0.201195 0.068484 0.148406 0 0.641290 0.301295 0.122340 0.103586 0 0.613697 0.466633 0.125665 0.169323 0 0.635306 0.548805 0.125000 0.152390 0 0.558511 0.712151 0.093750 0.146414 0 0.625997 0.692231 0.105053 0.146414 0 0.553191 0.860060 0.103059 0.155378 0 0.704787 0.816733 0.112367 0.136454 0 0.729388 0.591135 0.150931 0.161355 0 0.399269 0.494024 0.147606 0.228088
train/images/81.jpg 0 0.578293 0.521505 0.672043 0.845430
train/images/X12.jpg 1 0.444589 0.521557 0.430845 0.757234
train/images/143.jpg 0 0.595403 0.310516 0.224537 0.271825 0 0.526951 0.589120 0.191468 0.265542 0 0.624173 0.858300 0.271495 0.224537 0 0.074901 0.305060 0.149140 0.242394 0 0.412037 0.387235 0.186508 0.152116 0 0.389220 0.562500 0.132275 0.184524 0 0.375000 0.820602 0.260582 0.199405
train/images/IMG_5213_new.JPG 2 0.500000 0.503003 0.909910 0.525526
train/images/157.jpg 0 0.284226 0.610615 0.323743 0.234458 0 0.588624 0.653274 0.260582 0.193452
train/images/C12.jpg 1 0.378617 0.430990 0.682581 0.717303
train/images/z3.jpg 2 0.634766 0.548750 0.214844 0.122500 2 0.718750 0.480000 0.273438 0.105000 2 0.462891 0.380000 0.207031 0.120000 2 0.367188 0.508750 0.304688 0.107500 2 0.328125 0.716250 0.273438 0.152500
train/images/z10.jpg 2 0.295312 0.693750 0.440625 0.325000 2 0.601562 0.521875 0.206250 0.268750 2 0.648438 0.769792 0.303125 0.293750 2 0.717187 0.454167 0.259375 0.283333 2 0.441406 0.289583 0.357812 0.541667
train/images/B72.jpg 1 0.459780 0.718605 0.759259 0.532697
train/images/B66.jpg 1 0.363281 0.666377 0.551794 0.667245
train/images/IMG_4389_new.JPG 0 0.606607 0.431727 0.366366 0.855422
train/images/IMG_20210421_144637.jpg 0 0.566989 0.411602 0.159761 0.191989 0 0.692910 0.619216 0.297882 0.134151 0 0.400322 0.563881 0.330571 0.104627 0 0.386855 0.671616 0.173343 0.104627 0 0.370626 0.801019 0.254604 0.178695 0 0.648826 0.767956 0.272330 0.120856 0 0.618324 0.537897 0.230203 0.107562
train/images/IMG_20210421_144623.jpg 0 0.524286 0.424292 0.199125 0.253971 0 0.341390 0.418681 0.350829 0.244820 0 0.293393 0.580197 0.235497 0.218405 0 0.603476 0.716765 0.316989 0.268128 0 0.648711 0.542127 0.299263 0.105663 0 0.700276 0.399862 0.220534 0.160566 0 0.149862 0.681198 0.246317 0.101692 0 0.436119 0.818370 0.304558 0.276243
train/images/B250.jpg 1 0.337674 0.629919 0.674769 0.740162
train/images/IMG_20210421_145059.jpg 0 0.654926 0.559910 0.457643 0.328039 0 0.564917 0.297825 0.272099 0.143301 0 0.285221 0.389244 0.313996 0.374827 0 0.338743 0.091851 0.426565 0.183356
train/images/I19.jpg 1 0.528562 0.509073 0.428763 0.829973
train/images/I24.jpg 1 0.542171 0.521673 0.498992 0.956653
train/images/I30.jpg 1 0.555948 0.437836 0.746304 0.559140
train/images/I18.jpg 1 0.506216 0.567708 0.679099 0.785954
train/images/B67.jpg 1 0.620081 0.303096 0.740162 0.400174 1 0.712818 0.735677 0.574363 0.425058
train/images/z11.jpg 2 0.632500 0.784906 0.710000 0.430189 2 0.256250 0.583019 0.352500 0.464151
train/images/z2.jpg 2 0.477500 0.354610 0.130000 0.141844 2 0.402500 0.225177 0.175000 0.138298 2 0.611250 0.331560 0.157500 0.131206 2 0.710000 0.278369 0.135000 0.095745 2 0.482500 0.145390 0.145000 0.212766 2 0.257500 0.618794 0.085000 0.159574 2 0.107500 0.280142 0.210000 0.148936 2 0.596250 0.445035 0.112500 0.102837
train/images/C13.jpg 1 0.528791 0.603009 0.546007 0.793981
train/images/156.jpg 0 0.520833 0.338624 0.233466 0.357804 0 0.274967 0.388724 0.232474 0.251653 0 0.305390 0.625165 0.370040 0.253638 0 0.745866 0.667824 0.504960 0.286706 0 0.310351 0.198413 0.189484 0.153439
train/images/142.jpg 0 0.362599 0.408896 0.253638 0.197421 0 0.545470 0.639220 0.236442 0.333995 0 0.120866 0.275463 0.135251 0.103175 0 0.891700 0.616071 0.211310 0.227513 0 0.366071 0.712302 0.138228 0.091270
train/images/94.jpg 0 0.576109 0.607527 0.478831 0.635081 0 0.183972 0.618616 0.366599 0.420027 0 0.224798 0.177923 0.446237 0.353831 0 0.529402 0.117103 0.448589 0.232191 0 0.872144 0.144657 0.255712 0.288642 0 0.908770 0.428595 0.182460 0.409610
train/images/80.jpg 0 0.532594 0.481687 0.729839 0.962702
train/images/DSC_6717.JPG 0 0.426197 0.546315 0.277261 0.278884 0 0.608378 0.373879 0.107048 0.159612 1 0.714428 0.776892 0.236702 0.399402
train/images/A39.jpg 1 0.536892 0.284288 0.320312 0.463831 1 0.421007 0.758681 0.807292 0.351273 1 0.174624 0.313657 0.262442 0.618634
train/images/A11.jpg 1 0.439525 0.576100 0.409144 0.692130 1 0.616609 0.134983 0.407986 0.229456
train/images/A13.jpg 1 0.429543 0.516204 0.688368 0.967593
train/images/7.jpg 0 0.485938 0.409375 0.187500 0.168750 0 0.296094 0.650000 0.129688 0.137500 0 0.400000 0.621094 0.078125 0.129688 0 0.554688 0.654687 0.265625 0.137500 0 0.607812 0.556250 0.171875 0.096875
train/images/DSC_6701.JPG 0 0.481715 0.566733 0.299202 0.246016
train/images/82.jpg 0 0.623992 0.632224 0.448253 0.615255 0 0.265289 0.712030 0.306788 0.424059 0 0.172883 0.326781 0.262433 0.310820
train/images/140.jpg 0 0.396495 0.783069 0.219577 0.264550 0 0.284392 0.257440 0.111111 0.111442 0 0.215774 0.393188 0.090278 0.091931 0 0.208168 0.335483 0.135251 0.059193
train/images/X11.jpg 1 0.511285 0.497685 0.423032 0.905093
train/images/DSC_6729.JPG 0 0.545047 0.563745 0.292886 0.264442
train/images/X8.jpg 1 0.514323 0.515770 0.469039 0.867188
train/images/C39.jpg 1 0.419994 0.485243 0.775174 0.782407
train/images/z13.jpg 2 0.472500 0.352612 0.135000 0.145522 2 0.603750 0.322761 0.152500 0.152985 2 0.715000 0.287313 0.160000 0.126866 2 0.406250 0.222015 0.192500 0.145522 2 0.491250 0.151119 0.112500 0.250000 2 0.100000 0.287313 0.195000 0.149254 2 0.460000 0.490672 0.120000 0.182836 2 0.593750 0.444030 0.132500 0.104478
train/images/B65.jpg 1 0.432870 0.608362 0.483796 0.779225
train/images/B71.jpg 1 0.522280 0.550637 0.782407 0.763310
train/images/IMG_4466_new.JPG 0 0.564565 0.534137 0.792793 0.570281 0 0.195195 0.246988 0.384384 0.485944 0 0.463964 0.845382 0.507508 0.301205 0 0.124625 0.871486 0.243243 0.257028
train/images/IMG_5362_new.JPG 0 0.575075 0.510511 0.693694 0.468468 0 0.902402 0.213213 0.195195 0.420420 0 0.840841 0.804805 0.318318 0.390390
train/images/I26.jpg 1 0.579469 0.507560 0.542675 0.787970
train/images/I32.jpg 1 0.524530 0.495968 0.717742 0.903226
train/images/I33.jpg 1 0.495464 0.510585 0.513105 0.910282
train/images/I27.jpg 1 0.472950 0.446405 0.920363 0.625336
train/images/237.jpg 0 0.518374 0.668692 0.544850 0.662616 0 0.236690 0.323495 0.307870 0.313079
train/images/IMG_20210421_144635.jpg 0 0.595304 0.302400 0.165285 0.150380 0 0.639848 0.636050 0.316989 0.132942 0 0.338743 0.745252 0.193600 0.127935 0 0.369936 0.382683 0.139503 0.079247 0 0.517380 0.402970 0.101519 0.066989 0 0.367864 0.270373 0.159761 0.171616 0 0.443831 0.564831 0.110958 0.161430 0 0.132942 0.837535 0.247928 0.154351 0 0.103131 0.571046 0.131215 0.090297 0 0.208679 0.611619 0.153085 0.061982 0 0.277970 0.458736 0.150322 0.075276 0 0.418623 0.474534 0.128683 0.074068 0 0.545235 0.520287 0.146179 0.110670 0 0.189802 0.218059 0.142035 0.099448 0 0.098297 0.158149 0.092081 0.066989 0 0.081377 0.205887 0.098757 0.036430 0 0.868209 0.194233 0.049954 0.090470 0 0.890539 0.273912 0.072974 0.038501 0 0.756446 0.523653 0.122007 0.052831 0 0.950161 0.518215 0.078499 0.074068
train/images/IMG_20210421_144621.jpg 0 0.602095 0.623791 0.482274 0.305594 0 0.432090 0.386740 0.204420 0.207182 0 0.233080 0.504489 0.282919 0.172652
train/images/B58.jpg 1 0.352286 0.674334 0.485822 0.639757
train/images/B70.jpg 1 0.538339 0.301215 0.780382 0.523727
train/images/IMG_4482_new.JPG 0 0.567568 0.588353 0.516517 0.614458 0 0.891892 0.226908 0.216216 0.445783
train/images/B64.jpg 1 0.384549 0.666811 0.768519 0.666377
train/images/z12.jpg 2 0.515000 0.668919 0.265000 0.520270
train/images/C38.jpg 1 0.453993 0.586661 0.759259 0.797164
train/images/z1.jpg 2 0.637500 0.346154 0.230000 0.333333 2 0.256250 0.347985 0.122500 0.358974 2 0.341250 0.318681 0.177500 0.380952 2 0.632500 0.214286 0.195000 0.260073
train/images/X9.jpg 1 0.480035 0.472656 0.571759 0.944734
train/images/141.jpg 0 0.392030 0.342097 0.292659 0.220569 0 0.474702 0.500992 0.119378 0.119048 0 0.659061 0.134755 0.241402 0.242394
train/images/DSC_6728.JPG 0 0.622922 0.525398 0.387799 0.246016
train/images/X10.jpg 1 0.514902 0.517216 0.641493 0.835938
train/images/155.jpg 0 0.723380 0.235284 0.391865 0.395833 0 0.466766 0.195271 0.181548 0.247685 0 0.268353 0.290344 0.277447 0.231481 0 0.641534 0.489418 0.384921 0.204365 0 0.367063 0.778439 0.178571 0.227513 0 0.309358 0.648644 0.351521 0.236442
train/images/IMG_5235_new.JPG 0 0.596096 0.456456 0.651652 0.360360 0 0.391892 0.671171 0.477477 0.465465
train/images/169.jpg 2 0.499008 0.226852 0.239418 0.186508 2 0.623181 0.125165 0.185516 0.133267 2 0.758598 0.728836 0.233466 0.324735
train/images/C3.jpg 1 0.616030 0.693287 0.756366 0.589699
train/images/A12.jpg 1 0.385561 0.635417 0.770544 0.385995
train/images/78.jpg 0 0.482191 0.481015 0.817876 0.762433
train/images/2.jpg 0 0.443359 0.462735 0.338867 0.702605 0 0.683838 0.800651 0.383301 0.398698
train/images/A16.jpg 1 0.362124 0.665365 0.480035 0.669271 1 0.592593 0.190972 0.809028 0.373264
train/images/X14.jpg 1 0.467593 0.472801 0.800347 0.896991
train/images/145.jpg 0 0.406581 0.372189 0.197421 0.234458 0 0.554894 0.650794 0.211640 0.282407 0 0.258433 0.538029 0.197421 0.117063 0 0.360946 0.157738 0.160384 0.158069
train/images/DSC_6704.JPG 0 0.757646 0.541833 0.239362 0.222112 0 0.785572 0.295817 0.159574 0.289841 0 0.467420 0.557271 0.335771 0.254980 0 0.701463 0.754980 0.173537 0.303785
train/images/93.jpg 0 0.500504 0.430612 0.911626 0.489583
train/images/IMG_0741.JPG 2 0.503500 0.589125 0.281000 0.191750 2 0.334417 0.502750 0.163500 0.378500 2 0.240000 0.654000 0.219000 0.243000 2 0.396333 0.867000 0.181000 0.257000 2 0.497500 0.749750 0.170667 0.156000 2 0.640417 0.841375 0.148500 0.189250
train/images/C28.jpg 1 0.642506 0.621962 0.304109 0.502604 1 0.304398 0.629485 0.394097 0.374132 1 0.787616 0.922743 0.424769 0.154514
train/images/z5.jpg 2 0.592187 0.590713 0.384375 0.239741 2 0.345313 0.320734 0.225000 0.429806 2 0.135937 0.315335 0.268750 0.462203 2 0.161719 0.738661 0.320312 0.328294 2 0.380469 0.876890 0.176563 0.233261
train/images/IMG_4391_new.JPG 1 0.635135 0.674699 0.693694 0.457831
train/images/IMG_4381_new.JPG 0 0.447447 0.471888 0.390390 0.566265 0 0.334835 0.361446 0.285285 0.297189
train/images/z16.jpg 2 0.516406 0.430208 0.132812 0.256250 2 0.722656 0.518750 0.223438 0.158333 2 0.676562 0.814583 0.181250 0.241667 2 0.560156 0.669792 0.132812 0.181250 2 0.295312 0.523958 0.215625 0.235417 2 0.267969 0.709375 0.367188 0.218750 2 0.767969 0.669792 0.329688 0.185417
train/images/B48.jpg 1 0.417535 0.532118 0.622685 0.935764
train/images/I23.jpg 1 0.461694 0.484711 0.841398 0.601815
train/images/IMG_5363_new.JPG 0 0.522523 0.605105 0.822823 0.393393 0 0.797297 0.223724 0.405405 0.441441
train/images/I37.jpg 1 0.507056 0.542339 0.897177 0.541667
train/images/I36.jpg 1 0.552419 0.529066 0.776210 0.439852
train/images/I22.jpg 1 0.490927 0.570733 0.850134 0.447917
train/images/IMG_20210421_145738.jpg 2 0.333333 0.678177 0.182781 0.168508 2 0.202003 0.633028 0.304558 0.110670 2 0.461326 0.390711 0.211326 0.176796 2 0.563536 0.485238 0.139503 0.097548 2 0.505295 0.652279 0.174494 0.151243 2 0.633863 0.677141 0.236878 0.180939 2 0.261625 0.467973 0.242403 0.095477
train/images/B61.jpg 1 0.696470 0.522135 0.519676 0.646701
train/images/B49.jpg 1 0.480903 0.553096 0.695602 0.893808
train/images/z17.jpg 2 0.319749 0.490424 0.288401 0.261286 2 0.353448 0.683311 0.308777 0.261286 2 0.641850 0.617647 0.318182 0.212038 2 0.621473 0.500000 0.230408 0.162791 2 0.634796 0.808482 0.206897 0.183311
train/images/C15.jpg 1 0.405527 0.711227 0.808160 0.519676 1 0.713831 0.492766 0.572338 0.402199
train/images/IMG_4365_new.JPG 0 0.489489 0.489960 0.804805 0.738956
train/images/z4.jpg 2 0.348333 0.465000 0.496667 0.665000
train/images/C29.jpg 1 0.556279 0.710214 0.626447 0.537905
train/images/86.jpg 0 0.560988 0.480511 0.486223 0.797043
train/images/IMG_0740.JPG 2 0.563417 0.442625 0.115167 0.241750 2 0.628917 0.479625 0.144500 0.248750 2 0.441583 0.533625 0.171500 0.226250 2 0.557083 0.626000 0.121500 0.146500 2 0.613917 0.685250 0.146167 0.187000 2 0.380083 0.240750 0.135833 0.300000 2 0.334833 0.340250 0.175333 0.213000
train/images/DSC_6705.JPG 0 0.509973 0.517430 0.217420 0.258964
train/images/144.jpg 2 0.580688 0.649140 0.284392 0.297619 2 0.341766 0.640212 0.387897 0.319444 2 0.713955 0.240575 0.236772 0.203373
train/images/3.jpg 0 0.412500 0.519136 0.334375 0.309877 0 0.783594 0.574074 0.417187 0.355556
train/images/IMG_20210421_145116.jpg 0 0.558011 0.393819 0.253223 0.310773 0 0.336671 0.543077 0.241022 0.320960 0 0.424033 0.814227 0.237109 0.241713 0 0.218808 0.858425 0.194982 0.234461 0 0.631215 0.655300 0.161142 0.173515
train/images/A17.jpg 1 0.579282 0.681279 0.445023 0.617766 1 0.665943 0.119213 0.394965 0.227431
train/images/79.jpg 0 0.513777 0.562836 0.463038 0.556452 0 0.179772 0.482023 0.358199 0.417675 0 0.288306 0.127184 0.334005 0.253696 0 0.843246 0.450605 0.313508 0.388441 0 0.625000 0.118616 0.431452 0.233199
train/images/C6.jpg 1 0.536024 0.589988 0.522859 0.798032
train/images/A29.jpg 1 0.358073 0.781250 0.703414 0.318287 1 0.757812 0.337963 0.479167 0.603588 1 0.283275 0.200955 0.256366 0.372975
train/images/C4.jpg 1 0.381076 0.692274 0.761574 0.581887
train/images/A15.jpg 1 0.302228 0.720197 0.489873 0.537616 1 0.619358 0.383536 0.382234 0.574942 1 0.259838 0.575666 0.383102 0.507812
train/images/IMG_20210421_145114.jpg 0 0.579075 0.368439 0.232735 0.290401 0 0.627762 0.643646 0.165285 0.172652 0 0.421271 0.806630 0.201657 0.258978 0 0.216851 0.829506 0.177256 0.253971 0 0.375345 0.501468 0.269567 0.288501
train/images/1.jpg 0 0.560429 0.589744 0.329435 0.307692 0 0.638402 0.251479 0.368421 0.475345 0 0.664717 0.834320 0.374269 0.315582
train/images/146.jpg 2 0.275463 0.436839 0.173280 0.205688 2 0.352679 0.232308 0.131283 0.123347 2 0.902612 0.466766 0.194775 0.221892
train/images/84.jpg 0 0.516801 0.546539 0.752688 0.635417
train/images/DSC_6707.JPG 0 0.362699 0.451693 0.214096 0.225100 0 0.690492 0.738546 0.188830 0.231076 0 0.516622 0.593625 0.162899 0.319721
train/images/90.jpg 0 0.554603 0.559308 0.433804 0.822245 0 0.216062 0.851310 0.422043 0.297379 0 0.746640 0.927419 0.506720 0.145161 0 0.801243 0.235719 0.397513 0.251008
train/images/z6.jpg 2 0.458070 0.428421 0.194620 0.280000 2 0.606804 0.321053 0.178797 0.427368 2 0.287184 0.500000 0.337025 0.309474
train/images/IMG_20210421_145302.jpg 0 0.408725 0.551191 0.351059 0.434910
train/images/z15.jpg 2 0.540625 0.693464 0.184375 0.299346 2 0.307812 0.692810 0.225000 0.279739 2 0.207031 0.508497 0.270313 0.172549 2 0.138281 0.809804 0.173437 0.260131
train/images/IMG_5212_new.JPG 2 0.478979 0.528529 0.891892 0.606607
train/images/IMG_5202_new.JPG 2 0.551051 0.500000 0.897898 0.495495 2 0.118619 0.728228 0.231231 0.405405
train/images/B63.jpg 1 0.518229 0.669560 0.804398 0.451968 1 0.412616 0.301215 0.550926 0.491898
train/images/IMG_20210421_145048.jpg 0 0.430824 0.441039 0.328959 0.407286
train/images/IMG_4388_new.JPG 0 0.632132 0.558233 0.447447 0.883534
train/images/I34.jpg 1 0.444892 0.606351 0.632392 0.529234
train/images/I20.jpg 1 0.499160 0.595094 0.667003 0.653898
train/images/IMG_5345_new.JPG 2 0.516517 0.444444 0.858859 0.504505
train/images/I21.jpg 1 0.460181 0.494792 0.874664 0.750336
train/images/I35.jpg 1 0.463206 0.552251 0.542675 0.847110 1 0.692876 0.437836 0.401210 0.652554
train/images/B62.jpg 1 0.351707 0.640914 0.660590 0.532986
train/images/z28.jpg 2 0.449219 0.415449 0.451562 0.814196
train/images/z14.jpg 2 0.537500 0.513333 0.855000 0.586667
train/images/C16.jpg 1 0.529803 0.717159 0.500000 0.565683
train/images/91.jpg 0 0.129200 0.114583 0.257728 0.228495 0 0.397513 0.293011 0.317204 0.373656 0 0.747648 0.441028 0.504704 0.329637 0 0.466398 0.737735 0.387769 0.473454 0 0.129368 0.509409 0.257392 0.235215
train/images/85.jpg 0 0.564684 0.499832 0.850470 0.533266 0 0.373992 0.223790 0.530242 0.420027
train/images/153.jpg 2 0.232308 0.221892 0.325728 0.198413 2 0.552083 0.216766 0.345569 0.368717 2 0.685847 0.388228 0.316799 0.256614 2 0.390212 0.513889 0.260582 0.235450 2 0.483962 0.614749 0.349537 0.210317 2 0.759094 0.829034 0.290675 0.330688 2 0.902116 0.630787 0.195767 0.216601
train/images/147.jpg 0 0.489749 0.239914 0.239418 0.438823 0 0.404101 0.438823 0.172619 0.117063 0 0.280423 0.514881 0.429894 0.243386 0 0.662533 0.678737 0.362765 0.416997
train/images/X16.jpg 1 0.487847 0.546730 0.603588 0.801215
train/images/A14.jpg 1 0.400174 0.625723 0.571759 0.748553 1 0.805122 0.320168 0.252604 0.280382
train/images/IMG_20210421_145101.jpg 0 0.329995 0.464865 0.612109 0.201140 0 0.376611 0.795494 0.350829 0.403142 0 0.855893 0.560860 0.288214 0.210117
train/images/A28.jpg 1 0.530382 0.512731 0.578704 0.348380 1 0.504774 0.838976 0.551794 0.288484
train/images/C5.jpg 1 0.514034 0.725405 0.805266 0.494792
